Pver_novel_model_247_5de57afd	XP_027044772.1	99.4	523	3	0	1	523	1	523	7.4e-294	1020.0	524	523
Pver_novel_model_248_5de57afd	XP_027044901.1	99.6	275	1	0	1	275	1	275	2.7e-146	528.9	276	275
Pver_novel_model_249_5de57afd	XP_027047025.1	98.8	254	3	0	1	254	1	254	2.9e-134	488.8	255	254
Pver_novel_model_251_5de57afd.1.5de5ca01	XP_027047146.1	99.7	958	3	0	1	958	1	958	0.0e+00	1857.4	959	958
Pver_novel_model_252_5de57afd	XP_027047155.1	99.7	360	1	0	1	360	1	360	3.5e-194	688.3	361	360
Pver_novel_model_253_5de57afd	PFX12156.1	100.0	66	0	0	1	66	747	812	3.1e-27	131.3	67	812
Pver_novel_model_254_5de57afd	XP_027047041.1	96.6	324	9	1	1	322	1	324	2.1e-166	595.9	323	324
Pver_novel_model_256_5de57afd	XP_027053183.1	98.9	275	3	0	1	275	1	275	5.0e-148	534.6	276	275
Pver_novel_model_259_5de57afd	XP_027037756.1	100.0	122	0	0	1	122	1	122	1.3e-55	226.5	123	122
Pver_novel_model_262_5de57afd	XP_027054817.1	98.5	260	4	0	1	260	1	260	1.9e-144	522.7	261	260
Pver_novel_model_264_5de57afd	XP_027052926.1	100.0	238	0	0	1	238	1	238	2.2e-131	479.2	239	238
Pver_novel_model_267_5de57afd	XP_027051532.1	100.0	181	0	0	1	181	1	181	8.8e-93	350.5	182	181
Pver_novel_model_268_5de57afd	XP_027056628.1	99.1	333	3	0	1	333	1	333	7.8e-180	640.6	334	333
Pver_novel_model_269_5de57afd	XP_027037595.1	99.1	321	3	0	1	321	1	321	6.2e-174	620.9	322	321
Pver_novel_model_270_5de57afd	XP_020605984.1	85.4	618	90	0	2	619	1	618	0.0e+00	1105.1	620	618
Pver_novel_model_272_5de57afd	XP_027059837.1	100.0	191	0	0	1	191	1	191	1.7e-102	382.9	192	191
Pver_novel_model_273_5de57afd	XP_027052388.1	98.0	98	2	0	1	98	113	210	4.0e-47	198.0	99	210
Pver_novel_model_274_5de57afd	XP_027058751.1	95.8	335	14	0	1	335	1	335	3.0e-179	638.6	336	335
Pver_novel_model_276_5de57afd	XP_027049667.1	99.6	255	1	0	1	255	1	255	9.6e-146	526.9	256	255
Pver_novel_model_277_5de57afd	XP_027045893.1	98.6	362	3	1	1	362	1	360	2.3e-193	685.6	363	360
Pver_novel_model_278_5de57afd	XP_027045894.1	100.0	270	0	0	1	270	85	354	8.4e-148	533.9	271	354
Pver_novel_model_279_5de57afd	XP_022800896.1	81.8	77	14	0	1	77	363	439	9.5e-28	133.3	78	439
Pver_novel_model_280_5de57afd	XP_020628682.1	74.9	271	66	2	1	269	1	271	2.4e-102	382.9	276	275
Pver_novel_model_281_5de57afd	XP_027058614.1	99.6	269	1	0	1	269	1	269	3.6e-143	518.5	270	269
Pver_novel_model_283_5de57afd	PFX29267.1	79.3	150	31	0	1	150	1	150	4.3e-53	218.4	151	150
Pver_novel_model_284_5de57afd	XP_027050506.1	93.7	316	20	0	18	333	1	316	1.8e-144	523.1	334	316
Pver_novel_model_285_5de57afd	XP_027057326.1	99.7	349	1	0	1	349	1	349	1.3e-196	696.4	350	349
Pver_novel_model_288_5de57afd	XP_027037977.1	98.8	335	4	0	1	335	1	335	9.3e-181	643.7	336	335
Pver_novel_model_289_5de57afd	XP_027038074.1	99.5	431	2	0	1	431	1	431	3.9e-232	814.7	432	431
Pver_novel_model_290_5de57afd	XP_027058454.1	98.4	187	3	0	1	187	1	187	4.2e-98	368.2	188	187
Pver_novel_model_291_5de57afd	XP_027036558.1	98.0	294	6	0	1	294	1	294	3.8e-162	581.6	295	294
Pver_novel_model_293_5de57afd	XP_027044576.1	98.7	313	4	0	1	313	1	313	3.3e-164	588.6	314	313
Pver_novel_model_294_5de57afd	XP_027050210.1	93.7	205	13	0	1	205	1	205	6.4e-108	401.0	206	205
Pver_novel_model_295_5de57afd	XP_022795722.1	64.9	154	54	0	2	155	9	162	1.2e-47	200.7	194	182
Pver_novel_model_296_5de57afd	XP_027050210.1	43.6	165	87	3	5	163	35	199	1.7e-26	130.2	166	205
Pver_novel_model_299_5de57afd	RMX52206.1	96.9	224	7	0	1	224	798	1021	6.7e-127	464.2	225	1021
Pver_novel_model_300_5de57afd	XP_027056444.1	98.9	174	2	0	1	174	1	174	1.7e-85	326.2	175	174
Pver_novel_model_302_5de57afd	RMX46127.1	97.4	154	4	0	1	154	1	154	3.6e-79	305.1	155	154
Pver_novel_model_303_5de57afd	XP_027051245.1	97.7	349	8	0	1	349	1	349	1.3e-177	633.3	354	349
Pver_novel_model_304_5de57afd	XP_027051226.1	97.0	100	3	0	1	100	1	100	3.7e-48	201.4	101	100
Pver_novel_model_305_5de57afd	XP_027051240.1	99.2	363	3	0	1	363	1	363	1.1e-198	703.4	364	571
Pver_novel_model_306_5de57afd	XP_027057933.1	97.8	325	7	0	1	325	1	325	7.9e-185	657.1	326	325
Pver_novel_model_307_5de57afd	XP_027057929.1	99.1	233	2	0	1	233	1	233	1.6e-99	373.2	234	233
Pver_novel_model_308_5de57afd	XP_027047604.1	100.0	499	0	0	1	499	1	499	9.6e-283	983.0	500	499
Pver_novel_model_309_5de57afd	XP_027047663.1	98.0	293	6	0	1	293	1	293	1.4e-169	606.3	294	293
Pver_novel_model_311_5de57afd	XP_027054244.1	96.6	298	10	0	1	298	1	298	2.1e-160	575.9	299	298
Pver_novel_model_315_5de57afd	XP_027043238.1	97.8	312	7	0	1	312	1	312	2.2e-160	575.9	313	312
Pver_novel_model_316_5de57afd	XP_027043237.1	97.8	321	7	0	1	321	1	321	4.3e-167	598.2	322	321
Pver_novel_model_317_5de57afd	XP_020619631.1	48.4	312	152	4	1	308	1	307	2.9e-67	266.5	314	310
Pver_novel_model_318_5de57afd	XP_027037498.1	98.5	684	10	0	1	684	1	684	0.0e+00	1276.5	685	684
Pver_novel_model_320_5de57afd	XP_027053780.1	99.7	340	1	0	1	340	1	340	3.1e-184	655.2	341	340
Pver_novel_model_321_5de57afd	XP_027053779.1	99.8	406	1	0	1	406	1	406	4.8e-224	787.7	407	406
Pver_novel_model_322_5de57afd	XP_022809131.1	76.8	142	33	0	26	167	209	350	3.0e-53	219.2	178	354
Pver_novel_model_323_5de57afd	XP_027047511.1	90.0	299	30	0	1	299	88	386	2.7e-139	505.8	300	386
Pver_novel_model_325_5de57afd	XP_027057670.1	99.4	316	2	0	1	316	1	316	9.1e-170	607.1	317	316
Pver_novel_model_326_5de57afd	XP_027038327.1	98.9	88	1	0	1	88	226	313	4.0e-38	167.9	89	313
Pver_novel_model_327_5de57afd	XP_027038269.1	87.4	302	38	0	1	302	1	302	1.0e-138	503.8	304	303
Pver_novel_model_328_5de57afd	XP_027038301.1	99.1	336	3	0	1	336	1	336	2.7e-180	642.1	337	575
Pver_novel_model_329_5de57afd	XP_027047413.1	69.6	161	44	1	1	161	1	156	3.7e-58	235.3	162	156
Pver_novel_model_331_5de57afd	XP_029210838.1	55.0	60	26	1	4	62	39	98	3.5e-07	65.9	146	411
Pver_novel_model_333_5de57afd	PFX31677.1	70.1	241	68	4	1	238	1	240	4.8e-78	302.0	242	240
Pver_novel_model_336_5de57afd	PFX14983.1	63.2	125	36	2	1	116	1	124	1.8e-35	159.5	117	126
Pver_novel_model_338_5de57afd	XP_027040905.1	97.9	340	7	0	1	340	1	340	1.4e-197	699.5	341	340
Pver_novel_model_339_5de57afd	XP_027035568.1	78.4	259	54	2	16	274	8	264	1.0e-113	420.6	275	264
Pver_novel_model_340_5de57afd	XP_022802734.1	69.8	692	203	4	1	688	1	690	2.1e-259	906.0	689	818
Pver_novel_model_341_5de57afd	XP_027048946.1	98.5	343	5	0	1	343	1	343	7.5e-178	634.0	344	343
Pver_novel_model_343_5de57afd	XP_022787974.1	87.6	362	44	1	1	362	1	361	1.4e-177	633.3	363	361
Pver_novel_model_348_5de57afd	XP_022805553.1	84.3	370	52	4	1	367	1	367	1.2e-168	603.6	368	1018
Pver_novel_model_349_5de57afd	XP_027055815.1	71.3	513	13	1	1	379	1	513	9.8e-187	663.7	380	513
Pver_novel_model_350_5de57afd	XP_027055686.1	99.5	369	2	0	1	369	1	369	2.6e-200	708.8	370	369
Pver_novel_model_353_5de57afd	XP_027053407.1	98.6	345	5	0	1	345	1	345	2.0e-186	662.5	346	345
Pver_novel_model_354_5de57afd	XP_027054348.1	98.0	294	6	0	1	294	1	294	1.7e-154	556.2	295	295
Pver_novel_model_355_5de57afd	XP_027055859.1	97.8	320	7	0	1	320	1	320	1.1e-167	600.1	321	320
Pver_novel_model_356_5de57afd	XP_027055833.1	98.8	334	4	0	1	334	1	334	1.3e-179	639.8	335	334
Pver_novel_model_357_5de57afd	XP_027055834.1	97.8	227	5	0	1	227	1	227	2.3e-114	422.5	228	227
Pver_novel_model_358_5de57afd	XP_027056718.1	99.3	278	2	0	1	278	1	278	5.4e-158	567.8	279	278
Pver_novel_model_359_5de57afd	XP_027055701.1	98.9	373	4	0	1	373	1	373	7.6e-200	707.2	374	373
Pver_novel_model_362_5de57afd	XP_027038412.1	100.0	312	0	0	1	312	1	312	1.2e-169	606.7	313	312
Pver_novel_model_363_5de57afd	XP_027038401.1	98.7	299	4	0	1	299	1	299	3.2e-156	562.0	300	299
Pver_novel_model_364_5de57afd	XP_027048512.1	100.0	38	0	0	4	41	1	38	5.1e-13	86.3	300	296
Pver_novel_model_366_5de57afd	XP_027037386.1	99.6	241	1	0	1	241	1	241	3.8e-134	488.4	258	280
Pver_novel_model_368_5de57afd	PFX25348.1	82.0	133	23	1	1	132	1	133	2.4e-55	225.7	135	294
Pver_novel_model_369_5de57afd	XP_027040535.1	100.0	253	0	0	1	253	27	279	8.7e-139	503.8	254	279
Pver_novel_model_370_5de57afd	XP_027039888.1	98.7	223	3	0	1	223	1	223	1.3e-125	459.9	224	223
Pver_novel_model_371_5de57afd	XP_027040508.1	99.7	341	1	0	1	341	1	341	9.8e-186	660.2	342	341
Pver_novel_model_373_5de57afd	XP_027040561.1	99.6	278	1	0	1	278	1	278	2.3e-161	578.9	279	278
Pver_novel_model_375_5de57afd	PFX28947.1	72.8	493	132	1	27	517	538	1030	1.2e-198	703.7	518	1030
Pver_novel_model_376_5de57afd	XP_027046085.1	96.7	368	12	0	1	368	1	368	1.4e-193	686.4	369	368
Pver_novel_model_377_5de57afd	XP_027047111.1	95.7	304	13	0	1	304	1	304	2.0e-153	552.7	305	304
Pver_novel_model_378_5de57afd	XP_027047913.1	100.0	342	0	0	1	342	1	342	1.2e-180	643.3	343	342
Pver_novel_model_379_5de57afd	XP_027051928.1	98.6	356	5	0	1	356	1	356	7.3e-200	707.2	357	356
Pver_novel_model_381_5de57afd	XP_027036967.1	90.6	477	22	3	1	456	1	475	7.3e-245	857.1	457	475
Pver_novel_model_385_5de57afd	XP_027039618.1	99.2	353	3	0	1	353	1	353	2.8e-188	668.7	354	353
Pver_novel_model_386_5de57afd	XP_027039574.1	98.8	335	4	0	1	335	1	335	1.7e-174	622.9	336	335
Pver_novel_model_387_5de57afd	RMX54802.1	95.2	231	6	1	1	231	1	226	3.8e-117	431.8	232	226
Pver_novel_model_388_5de57afd	RMX40971.1	97.2	214	6	0	5	218	1	214	3.9e-111	411.8	219	214
Pver_novel_model_389_5de57afd	XP_027050007.1	92.9	238	16	1	1	237	1	238	5.0e-120	441.4	238	238
Pver_novel_model_391_5de57afd	XP_027037297.1	99.7	302	1	0	1	302	30	331	4.8e-160	574.7	303	331
Pver_novel_model_392_5de57afd	XP_027037297.1	100.0	130	0	0	1	130	202	331	1.1e-63	253.4	131	331
Pver_novel_model_393_5de57afd	XP_027053663.1	98.8	342	4	0	1	342	1	342	2.0e-178	636.0	343	342
Pver_novel_model_397_5de57afd	XP_027059308.1	99.4	160	1	0	1	160	1	160	6.6e-92	347.4	161	160
Pver_novel_model_398_5de57afd	RMX44684.1	98.3	172	3	0	1	172	1	172	9.2e-92	347.1	173	687
Pver_novel_model_399_5de57afd	XP_027045572.1	98.4	245	4	0	1	245	1	245	1.9e-122	449.5	246	245
Pver_novel_model_400_5de57afd	XP_027045559.1	98.3	293	5	0	1	293	1	293	1.9e-158	569.3	294	293
Pver_novel_model_401_5de57afd	XP_027038097.1	99.1	351	3	0	1	351	1	351	2.0e-189	672.5	352	351
Pver_novel_model_403_5de57afd	XP_027056478.1	85.3	116	8	1	29	135	1	116	2.7e-41	179.1	142	173
Pver_novel_model_404_5de57afd	XP_027059225.1	97.2	71	2	0	1	71	1	71	2.1e-27	133.3	170	163
Pver_novel_model_406_5de57afd	XP_027059775.1	98.8	161	2	0	1	161	1	161	3.2e-86	328.6	162	161
Pver_novel_model_407_5de57afd	XP_027059826.1	97.3	219	0	1	1	219	1	213	2.4e-113	419.1	220	213
Pver_novel_model_409_5de57afd	XP_027036835.1	89.9	316	32	0	1	316	1	316	1.2e-153	553.5	317	316
Pver_novel_model_411_5de57afd	XP_027041038.1	98.5	458	7	0	1	458	1	458	6.1e-260	907.1	459	458
Pver_novel_model_412_5de57afd	XP_027042727.1	98.9	350	4	0	1	350	1	350	2.4e-187	665.6	351	350
Pver_novel_model_413_5de57afd	XP_027037202.1	98.8	323	4	0	1	323	1	323	7.1e-170	607.4	324	323
Pver_novel_model_414_5de57afd	XP_027047494.1	98.5	195	3	0	1	195	1	195	2.6e-98	369.0	196	195
Pver_novel_model_415_5de57afd	XP_027039835.1	97.7	302	7	0	1	302	1	302	7.6e-158	567.4	303	302
Pver_novel_model_416_5de57afd	XP_027053820.1	96.4	338	12	0	1	338	1	338	4.8e-177	631.3	339	338
Pver_novel_model_417_5de57afd	XP_027038835.1	98.3	353	6	0	1	353	1	353	4.5e-194	688.0	354	353
Pver_novel_model_418_5de57afd	XP_027049300.1	99.5	398	2	0	1	398	1	398	1.4e-215	759.6	399	398
Pver_novel_model_419_5de57afd	XP_020625151.1	93.1	101	7	0	14	114	126	226	2.5e-46	195.7	126	242
Pver_novel_model_421_5de57afd	XP_027036050.1	98.5	266	4	0	1	266	1	266	1.1e-149	540.0	267	266
Pver_novel_model_422_5de57afd	XP_027052284.1	99.2	236	2	0	1	236	1	236	1.1e-132	483.4	237	236
Pver_novel_model_423_5de57afd	XP_027040057.1	99.2	367	3	0	1	367	1	367	2.0e-189	672.5	368	367
Pver_novel_model_426_5de57afd	XP_027053517.1	98.2	341	6	0	1	341	63	403	3.8e-182	648.3	342	403
Pver_novel_model_428_5de57afd	RMX39317.1	91.4	140	3	1	1	140	1	131	1.3e-59	240.0	141	131
Pver_novel_model_429_5de57afd	RMX39321.1	98.6	139	2	0	1	139	1	139	4.9e-67	264.6	140	139
Pver_novel_model_431_5de57afd	XP_027037537.1	97.9	331	7	0	1	331	1	331	5.8e-175	624.4	332	331
Pver_novel_model_432_5de57afd	XP_027059445.1	100.0	433	0	0	1	433	1	433	1.5e-236	829.3	434	433
Pver_novel_model_433_5de57afd	XP_027059477.1	97.5	316	8	0	1	316	5	320	3.3e-55	226.5	317	320
Pver_novel_model_434_5de57afd	XP_027059458.1	98.6	357	5	0	1	357	1	357	6.6e-201	710.7	358	357
Pver_novel_model_435_5de57afd	XP_022779426.1	76.8	315	73	0	3	317	5	319	3.6e-126	462.2	318	320
Pver_novel_model_436_5de57afd	RMX56990.1	99.3	140	1	0	1	140	1	140	1.1e-74	290.0	141	140
Pver_novel_model_437_5de57afd	XP_015776083.1	63.3	98	35	1	51	147	68	165	6.2e-31	144.8	155	168
Pver_novel_model_438_5de57afd	XP_022808338.1	85.4	376	55	0	1	376	1	376	1.2e-173	620.2	377	376
Pver_novel_model_439_5de57afd	XP_027055575.1	76.0	288	28	2	1	247	28	315	2.7e-116	429.1	248	319
Pver_novel_model_440_5de57afd	XP_027045239.1	98.7	455	6	0	1	455	1	455	1.8e-256	895.6	456	455
Pver_novel_model_442_5de57afd	XP_027038484.1	99.4	325	2	0	1	325	1	325	1.2e-169	606.7	331	325
Pver_novel_model_444_5de57afd	XP_027043460.1	96.4	522	19	0	69	590	1	522	1.4e-276	963.0	681	531
Pver_novel_model_445_5de57afd	XP_027036324.1	100.0	230	0	0	1	230	1	230	5.1e-130	474.6	231	230
Pver_novel_model_446_5de57afd	XP_027049382.1	87.6	218	27	0	1	218	1	218	1.6e-93	353.2	219	218
Pver_novel_model_450_5de57afd	XP_027055258.1	99.6	261	1	0	1	261	1	261	1.7e-134	489.6	262	261
Pver_novel_model_453_5de57afd	XP_027040369.1	97.2	180	5	0	1	180	270	449	5.3e-90	341.3	181	449
Pver_novel_model_454_5de57afd	XP_027055112.1	100.0	138	0	0	1	138	458	595	2.9e-80	308.5	139	595
Pver_novel_model_458_5de57afd	XP_027056394.1	99.4	324	2	0	1	324	1	324	8.4e-163	583.9	325	324
Pver_novel_model_459_5de57afd	XP_027045848.1	97.6	382	7	1	1	380	1	382	1.0e-100	378.3	467	468
Pver_novel_model_460_5de57afd	PFX29531.1	94.2	310	18	0	1	310	17	326	8.9e-162	580.5	311	326
Pver_novel_model_461_5de57afd	XP_022784200.1	95.7	369	16	0	1	369	1	369	6.2e-194	687.6	370	369
Pver_novel_model_462_5de57afd	XP_027046905.1	98.2	112	2	0	1	112	1	112	1.1e-52	216.9	126	157
Pver_novel_model_463_5de57afd	RMX54649.1	97.8	364	8	0	1	364	1	364	2.5e-195	692.2	365	364
Pver_novel_model_464_5de57afd	RMX50553.1	98.6	208	3	0	1	208	1	208	2.3e-113	419.1	209	208
Pver_novel_model_465_5de57afd	XP_027038289.1	99.0	286	3	0	1	286	1	286	1.1e-161	580.1	287	286
Pver_novel_model_466_5de57afd	XP_027057808.1	99.4	333	2	0	1	333	1	333	4.1e-181	644.8	334	333
Pver_novel_model_467_5de57afd	XP_022779231.1	88.1	311	29	2	1	303	1	311	2.0e-134	489.6	304	311
Pver_novel_model_469_5de57afd	RMX49650.1	94.7	266	14	0	1	266	1	266	6.9e-142	514.2	274	294
Pver_novel_model_470_5de57afd	RMX52815.1	96.7	152	5	0	1	152	173	324	2.6e-77	298.9	153	324
Pver_novel_model_471_5de57afd	XP_027048430.1	98.6	655	7	1	1	655	14	666	0.0e+00	1286.9	656	666
Pver_novel_model_476_5de57afd	XP_022800693.1	100.0	167	0	0	1	167	1	167	4.2e-89	338.2	168	167
Pver_novel_model_477_5de57afd	XP_027039255.1	99.2	257	2	0	1	257	1	257	1.3e-142	516.5	258	257
Pver_novel_model_478_5de57afd	RMX49700.1	96.1	103	4	0	7	109	1	103	4.4e-48	201.4	122	198
Pver_novel_model_479_5de57afd	XP_027054895.1	99.5	198	1	0	1	198	1	198	1.1e-109	406.8	199	198
Pver_novel_model_480_5de57afd	XP_027054606.1	98.7	391	5	0	1	391	1	391	1.0e-202	716.8	392	391
Pver_novel_model_482_5de57afd	XP_027044915.1	99.3	304	2	0	1	304	1	304	4.3e-169	604.7	305	304
Pver_novel_model_483_5de57afd	XP_027044689.1	99.1	441	4	0	1	441	1	441	4.7e-241	844.3	442	441
Pver_novel_model_485_5de57afd	XP_027058680.1	99.5	210	1	0	1	210	1	210	2.4e-110	409.1	211	210
Pver_novel_model_486_5de57afd	XP_027052539.1	90.3	175	17	0	1	175	1	175	8.2e-88	334.0	176	175
Pver_novel_model_487_5de57afd	XP_022798907.1	97.6	164	4	0	14	177	31	194	1.2e-83	320.1	178	194
Pver_novel_model_488_5de57afd	XP_027052618.1	99.7	297	1	0	1	297	1	297	4.5e-163	584.7	298	297
Pver_novel_model_489_5de57afd	XP_027045461.1	99.2	356	3	0	1	356	1	356	4.1e-195	691.4	357	356
Pver_novel_model_491_5de57afd	XP_027055215.1	95.5	575	24	2	23	596	37	610	6.3e-281	977.2	597	610
Pver_novel_model_492_5de57afd	XP_027047387.1	99.3	1007	7	0	1	1007	696	1702	0.0e+00	1976.1	1008	1702
Pver_novel_model_493_5de57afd	XP_027047377.1	98.1	467	9	0	1	467	1	467	3.1e-267	931.4	468	467
Pver_novel_model_495_5de57afd	XP_027045745.1	97.1	347	10	0	1	347	1	347	3.8e-201	711.4	348	347
Pver_novel_model_497_5de57afd	XP_027045545.1	100.0	355	0	0	1	355	1	355	1.7e-193	686.0	356	355
Pver_novel_model_499_5de57afd	XP_027045079.1	100.0	214	0	0	1	214	1	214	1.1e-118	436.8	215	214
Pver_novel_model_500_5de57afd	XP_027045377.1	98.1	157	3	0	1	157	1	157	3.9e-81	311.6	158	157
Pver_novel_model_502_5de57afd	XP_027055560.1	98.9	1674	9	2	1	1673	1	1666	0.0e+00	3230.3	1674	1666
Pver_novel_model_504_5de57afd	XP_027060606.1	100.0	185	0	0	1	185	1	185	3.3e-95	358.6	186	185
Pver_novel_model_505_5de57afd	XP_027044536.1	99.0	198	2	0	1	198	1	198	2.0e-106	396.0	199	198
Pver_novel_model_506_5de57afd	RMX61354.1	96.8	253	8	0	1	253	291	543	3.7e-129	471.9	254	550
Pver_novel_model_507_5de57afd	XP_027042988.1	93.7	175	11	0	1	175	1	175	8.8e-90	340.5	176	175
Pver_novel_model_508_5de57afd	XP_027049469.1	99.8	577	1	0	1	577	1	577	0.0e+00	1157.5	578	577
Pver_novel_model_509_5de57afd	XP_022805096.1	95.0	60	3	0	1	60	247	306	5.0e-24	120.6	61	306
Pver_novel_model_510_5de57afd	PFX21988.1	88.5	96	11	0	56	151	8	103	7.3e-40	174.5	153	104
Pver_novel_model_512_5de57afd	XP_027053243.1	100.0	229	0	0	1	229	235	463	7.9e-123	450.7	230	463
Pver_novel_model_513_5de57afd	XP_027053240.1	98.5	956	14	0	1	956	1	956	0.0e+00	1843.2	957	956
Pver_novel_model_514_5de57afd	XP_027054086.1	100.0	375	0	0	1	375	1	375	9.1e-185	657.1	376	375
Pver_novel_model_516_5de57afd	XP_027046714.1	98.7	399	5	0	1	399	1	399	6.2e-224	787.3	400	399
Pver_novel_model_517_5de57afd	XP_027046699.1	95.5	1057	26	1	1	1057	1	1035	0.0e+00	1900.6	1058	1035
Pver_novel_model_520_5de57afd	XP_027055863.1	97.5	237	6	0	1	237	1	237	3.3e-132	481.9	238	237
Pver_novel_model_522_5de57afd	XP_027039978.1	98.9	948	10	0	1	948	1	948	0.0e+00	1883.6	949	948
Pver_novel_model_523_5de57afd	XP_027041838.1	97.8	274	6	0	1	274	2	275	8.0e-138	500.7	275	275
Pver_novel_model_525_5de57afd	XP_027060097.1	99.5	432	2	0	1	432	1	432	8.4e-243	850.1	433	432
Pver_novel_model_526_5de57afd	XP_027051708.1	99.4	333	2	0	1	333	1	333	3.3e-186	661.8	334	333
Pver_novel_model_527_5de57afd	XP_027054516.1	98.6	280	4	0	1	280	1	280	4.9e-50	209.1	282	281
Pver_novel_model_528_5de57afd	XP_013411975.1	67.4	129	42	0	15	143	17	145	3.7e-46	195.3	144	145
Pver_novel_model_530_5de57afd	XP_027053192.1	99.1	680	6	0	1	680	1	680	0.0e+00	1378.2	701	884
Pver_novel_model_531_5de57afd	RMX46863.1	99.2	123	1	0	25	147	3	125	3.7e-57	231.9	148	125
Pver_novel_model_532_5de57afd	XP_027050936.1	99.0	381	4	0	1	381	1	381	9.5e-206	726.9	382	381
Pver_novel_model_535_5de57afd	XP_027055685.1	100.0	168	0	0	1	168	1	168	1.8e-84	322.8	169	168
Pver_novel_model_536_5de57afd	XP_027039861.1	99.4	334	2	0	1	334	1	334	4.2e-173	618.2	335	334
Pver_novel_model_537_5de57afd	XP_027053866.1	98.3	344	6	0	1	344	1	344	5.7e-141	511.5	345	344
Pver_novel_model_538_5de57afd	XP_022802115.1	55.2	125	52	3	1	125	1	121	7.1e-25	124.4	126	130
Pver_novel_model_539_5de57afd	XP_027053524.1	98.7	318	4	0	1	318	1	318	7.0e-61	245.4	319	318
Pver_novel_model_541_5de57afd	RMX48205.1	100.0	68	0	0	1	68	1	68	2.7e-29	139.0	124	123
Pver_novel_model_544_5de57afd	RMX55582.1	98.0	348	7	0	1	348	32	379	1.0e-185	660.2	349	379
Pver_novel_model_546_5de57afd	XP_027046262.1	99.2	399	3	0	1	399	1	399	6.9e-215	757.3	400	399
Pver_novel_model_547_5de57afd	RMX44183.1	99.0	102	1	0	1	102	242	343	2.5e-44	188.7	103	343
Pver_novel_model_548_5de57afd	XP_027046199.1	98.6	355	5	0	1	355	1	355	1.4e-195	693.0	356	355
Pver_novel_model_549_5de57afd	XP_027053206.1	98.8	325	4	0	1	325	1	325	4.5e-172	614.8	326	325
Pver_novel_model_550_5de57afd	RMX37121.1	96.9	129	4	0	1	129	1	129	9.2e-60	240.4	130	129
Pver_novel_model_551_5de57afd	XP_027054680.1	98.6	367	5	0	1	367	1	367	1.8e-201	712.6	368	367
Pver_novel_model_553_5de57afd	XP_027050354.1	99.7	317	1	0	1	317	1	317	4.1e-178	634.8	318	317
Pver_novel_model_554_5de57afd	RMX59452.1	77.6	125	28	0	13	137	21	145	6.3e-51	211.1	138	564
Pver_novel_model_557_5de57afd	RMX38155.1	97.8	364	7	1	1	363	1	364	2.6e-192	682.2	364	364
Pver_novel_model_558_5de57afd	XP_027053439.1	96.5	345	12	0	1	345	1	345	7.8e-170	607.4	356	352
Pver_novel_model_559_5de57afd	XP_027057039.1	98.2	340	6	0	1	340	1	340	1.1e-176	630.2	341	340
Pver_novel_model_560_5de57afd	XP_022792954.1	83.5	376	62	0	1	376	1	376	1.0e-172	617.1	377	376
Pver_novel_model_561_5de57afd	XP_027040218.1	98.8	332	4	0	1	332	1	332	6.6e-187	664.1	333	332
Pver_novel_model_563_5de57afd	XP_027044202.1	95.1	164	8	0	1	164	10	173	2.0e-79	306.2	196	300
Pver_novel_model_564_5de57afd	XP_027044226.1	96.9	289	9	0	1	289	1	289	1.4e-148	536.6	290	289
Pver_novel_model_567_5de57afd	XP_027046177.1	93.4	213	14	0	1	213	1	213	5.1e-108	401.4	214	213
Pver_novel_model_568_5de57afd	XP_027041746.1	99.1	326	3	0	1	326	1	326	2.4e-173	619.0	327	326
Pver_novel_model_569_5de57afd	PFX13716.1	82.6	172	29	1	1	171	1	172	2.1e-71	279.6	197	379
Pver_novel_model_571_5de57afd	XP_020610139.1	69.3	163	46	1	1	163	473	631	1.7e-56	229.9	174	641
Pver_novel_model_572_5de57afd	RMX43301.1	98.0	100	2	0	1	100	1	100	3.5e-51	211.5	101	100
Pver_novel_model_573_5de57afd	XP_027047289.1	99.5	186	1	0	1	186	1	186	4.8e-94	354.8	187	186
Pver_novel_model_574_5de57afd	RMX43315.1	100.0	112	0	0	4	115	1	112	1.0e-57	233.4	116	119
Pver_novel_model_575_5de57afd	RMX43314.1	100.0	142	0	0	1	142	1	142	7.2e-74	287.3	143	142
Pver_novel_model_576_5de57afd	XP_027045620.1	98.4	377	6	0	1	377	1	377	2.2e-199	705.7	378	377
Pver_novel_model_577_5de57afd	XP_027037375.1	98.1	321	6	0	1	321	1	321	1.2e-166	596.7	322	321
Pver_novel_model_578_5de57afd	XP_022785607.1	72.4	116	32	0	1	116	75	190	1.0e-28	137.1	120	193
Pver_novel_model_579_5de57afd	XP_027040816.1	98.6	367	5	0	1	367	1	367	1.2e-197	699.9	368	367
Pver_novel_model_581_5de57afd	RMX53174.1	93.8	145	9	0	1	145	1	145	1.7e-67	266.2	146	145
Pver_novel_model_582_5de57afd	XP_027060674.1	98.4	797	13	0	1	797	1	797	0.0e+00	1517.3	798	797
Pver_novel_model_584_5de57afd	XP_027050260.1	97.0	367	11	0	1	367	1	367	1.5e-203	719.5	368	367
Pver_novel_model_585_5de57afd	RMX59901.1	97.3	366	10	0	1	366	33	398	2.2e-196	695.7	367	398
Pver_novel_model_589_5de57afd	XP_027049744.1	51.6	287	138	1	15	301	15	300	1.1e-71	281.2	302	300
Pver_novel_model_590_5de57afd	XP_027059274.1	100.0	175	0	0	1	175	1	175	1.3e-77	300.1	176	175
Pver_novel_model_592_5de57afd	XP_027056554.1	97.6	339	8	0	1	339	1	339	1.3e-174	623.2	340	339
Pver_novel_model_593_5de57afd	XP_027052427.1	74.8	313	79	0	1	313	8	320	6.6e-123	451.4	326	338
Pver_novel_model_594_5de57afd	XP_027050971.1	99.1	691	6	0	1	691	1	691	0.0e+00	1310.8	692	691
Pver_novel_model_595_5de57afd	RMX58717.1	96.6	207	7	0	1	207	1	207	6.3e-119	437.6	208	290
Pver_novel_model_597_5de57afd	XP_027039232.1	99.0	203	2	0	1	203	117	319	7.3e-104	387.5	204	319
Pver_novel_model_598_5de57afd	XP_027039233.1	98.0	202	4	0	70	271	1	202	3.0e-97	365.9	272	202
Pver_novel_model_601_5de57afd.1.5de5cae6	XP_027044605.1	98.4	191	3	0	1	191	1	191	4.0e-104	388.3	192	191
Pver_novel_model_602_5de57afd	XP_027041409.1	99.1	351	3	0	1	351	1	351	1.3e-180	643.3	352	351
Pver_novel_model_603_5de57afd	XP_027041409.1	99.4	351	2	0	1	351	1	351	8.8e-182	647.1	352	351
Pver_novel_model_605_5de57afd	XP_027055303.1	98.1	484	9	0	1	484	1	484	4.9e-167	598.6	485	484
Pver_novel_model_606_5de57afd	XP_027055305.1	99.7	691	2	0	1	691	1	691	0.0e+00	1377.8	692	691
Pver_novel_model_611_5de57afd	XP_027037429.1	98.4	182	3	0	1	182	1	182	1.4e-90	343.2	183	182
Pver_novel_model_614_5de57afd	RMX39298.1	96.5	115	3	1	1	115	1	114	2.5e-53	218.8	116	114
Pver_novel_model_615_5de57afd	RMX39301.1	98.6	145	2	0	13	157	1	145	7.7e-77	297.4	158	145
Pver_novel_model_616_5de57afd	RMX39303.1	100.0	165	0	0	1	165	1	165	4.6e-88	334.7	166	165
Pver_novel_model_617_5de57afd	RMX39304.1	99.0	193	2	0	1	193	1	193	2.9e-102	382.1	194	193
Pver_novel_model_618_5de57afd	RMX56530.1	99.5	660	3	0	1	660	1	660	0.0e+00	1348.2	662	1286
Pver_novel_model_619_5de57afd	XP_027058800.1	99.2	381	3	0	1	381	1	381	6.3e-210	740.7	382	381
Pver_novel_model_620_5de57afd	XP_027055436.1	97.9	285	6	0	1	285	1	285	5.3e-161	577.8	286	285
Pver_novel_model_621_5de57afd	XP_027049252.1	98.4	183	3	0	1	183	33	215	4.9e-91	344.7	184	215
Pver_novel_model_623_5de57afd	XP_022792171.1	84.3	299	45	1	1	297	1	299	6.0e-131	478.0	298	299
Pver_novel_model_624_5de57afd	XP_027044656.1	100.0	336	0	0	1	336	1	336	1.1e-186	663.3	337	336
Pver_novel_model_625_5de57afd	XP_027059593.1	98.4	425	7	0	1	425	1	425	4.0e-237	831.2	426	425
Pver_novel_model_628_5de57afd	XP_027038544.1	97.2	285	8	0	1	285	1	285	3.7e-146	528.5	286	285
Pver_novel_model_630_5de57afd	RMX49851.1	98.1	263	5	0	50	312	1	263	2.7e-134	489.2	313	263
Pver_novel_model_631_5de57afd	RMX39797.1	95.9	271	11	0	2	272	1927	2197	5.1e-137	498.0	273	2197
Pver_novel_model_635_5de57afd	XP_027047986.1	99.2	245	2	0	1	245	99	343	2.8e-126	462.2	246	343
Pver_novel_model_636_5de57afd	XP_027044233.1	99.5	396	2	0	1	396	1	396	1.2e-219	773.1	397	396
Pver_novel_model_637_5de57afd	XP_027052366.1	83.8	191	31	0	2	192	148	338	4.6e-79	305.1	196	339
Pver_novel_model_638_5de57afd	XP_027041725.1	99.4	325	2	0	1	325	1	325	1.9e-178	636.0	326	653
Pver_novel_model_639_5de57afd	RMX44984.1	99.3	134	1	0	1	134	1	134	2.6e-71	279.3	193	149
Pver_novel_model_640_5de57afd	XP_027038665.1	100.0	223	0	0	1	223	1	223	3.8e-122	448.4	224	223
Pver_novel_model_641_5de57afd	XP_027038664.1	100.0	266	0	0	1	266	1	266	3.2e-115	425.6	267	266
Pver_novel_model_642_5de57afd	XP_027038718.1	97.6	169	4	0	1	169	1	169	1.4e-87	333.2	170	169
Pver_novel_model_644_5de57afd	XP_027038169.1	99.8	413	1	0	1	413	1	413	2.1e-230	808.9	414	413
Pver_novel_model_645_5de57afd	XP_027038161.1	99.5	408	2	0	1	408	1	408	1.3e-221	779.6	409	408
Pver_novel_model_646_5de57afd	RMX46106.1	97.7	221	5	0	8	228	1	221	8.2e-112	414.1	229	221
Pver_novel_model_647_5de57afd	XP_027043796.1	99.6	226	1	0	1	226	1	226	6.6e-130	474.2	227	226
Pver_novel_model_649_5de57afd	XP_027046806.1	96.1	127	5	0	1	127	1	127	1.3e-53	219.9	128	127
Pver_novel_model_650_5de57afd	XP_020904476.2	81.8	132	24	0	1	132	90	221	3.0e-58	235.3	133	584
Pver_novel_model_651_5de57afd	XP_020904476.2	79.6	142	29	0	9	150	415	556	2.7e-59	239.2	169	584
Pver_novel_model_654_5de57afd	RMX55053.1	86.3	182	25	0	25	206	1	182	2.2e-85	326.6	292	558
Pver_novel_model_655_5de57afd	XP_027041679.1	99.4	318	2	0	1	318	53	370	1.7e-168	602.8	319	370
Pver_novel_model_656_5de57afd	RMX43624.1	97.3	262	7	0	1	262	1	262	2.9e-132	482.3	276	280
Pver_novel_model_657_5de57afd	RMX52885.1	98.1	107	2	0	1	107	1	107	1.5e-55	226.1	108	249
Pver_novel_model_658_5de57afd	RMX39939.1	81.0	42	7	1	1	42	1	41	1.6e-08	68.6	43	192
Pver_novel_model_659_5de57afd	XP_027037412.1	89.8	264	27	0	1	264	1	264	7.2e-112	414.5	265	264
Pver_novel_model_661_5de57afd	XP_027056178.1	98.7	319	4	0	1	319	1	319	1.5e-167	599.7	320	319
Pver_novel_model_662_5de57afd	XP_027037110.1	99.4	501	3	0	1	501	1	501	6.9e-289	1003.4	502	501
Pver_novel_model_664_5de57afd	XP_027037717.1	100.0	321	0	0	1	321	1	321	1.2e-172	616.7	322	321
Pver_novel_model_665_5de57afd	RMX45966.1	99.0	480	5	0	20	499	4	483	1.4e-281	979.2	500	483
Pver_novel_model_666_5de57afd	RMX39957.1	98.8	165	2	0	10	174	114	278	6.9e-87	330.9	175	278
Pver_novel_model_668_5de57afd	XP_027059324.1	100.0	150	0	0	1	150	1	150	1.0e-78	303.5	151	150
Pver_novel_model_669_5de57afd	XP_027046284.1	98.4	193	3	0	1	193	71	263	2.2e-102	382.5	194	263
Pver_novel_model_670_5de57afd	XP_027045550.1	99.3	307	2	0	1	307	1	307	7.7e-166	594.0	308	307
Pver_novel_model_671_5de57afd	XP_027049735.1	100.0	213	0	0	1	213	1	213	2.7e-109	405.6	214	213
Pver_novel_model_672_5de57afd	RMX57525.1	96.2	105	4	0	8	112	251	355	6.1e-53	218.8	280	706
Pver_novel_model_673_5de57afd	XP_027058966.1	97.5	403	9	1	1	403	1	402	1.6e-216	762.7	404	402
Pver_novel_model_675_5de57afd	RMX40214.1	97.8	275	6	0	1	275	1	275	1.4e-150	543.1	276	275
Pver_novel_model_677_5de57afd	XP_027059981.1	99.7	374	1	0	1	374	1	374	4.6e-205	724.5	375	374
Pver_novel_model_678_5de57afd	RMX55686.1	44.0	91	51	0	1	91	1	91	1.4e-09	73.2	96	94
Pver_novel_model_679_5de57afd	XP_027038136.1	100.0	345	0	0	1	345	77	421	3.4e-202	714.9	346	421
Pver_novel_model_680_5de57afd	RMX59903.1	97.7	387	9	0	1	387	13	399	5.8e-211	744.2	388	399
Pver_novel_model_681_5de57afd	XP_027042882.1	99.1	231	2	0	1	231	217	447	9.1e-135	490.3	232	447
Pver_novel_model_682_5de57afd	XP_027045006.1	100.0	345	0	0	1	345	1	345	3.9e-190	674.9	346	345
Pver_novel_model_683_5de57afd	XP_022789620.1	89.0	355	39	0	1	355	1	355	7.5e-173	617.5	356	355
Pver_novel_model_684_5de57afd	XP_022789620.1	87.9	355	43	0	1	355	1	355	2.4e-171	612.5	356	355
Pver_novel_model_685_5de57afd	XP_027040379.1	98.2	338	6	0	1	338	1	338	2.8e-177	632.1	339	338
Pver_novel_model_686_5de57afd	XP_027041506.1	99.1	230	2	0	1	230	355	584	2.6e-126	462.2	231	584
Pver_novel_model_687_5de57afd	RMX47857.1	93.3	270	18	0	10	279	1	270	8.1e-138	500.7	280	270
Pver_novel_model_689_5de57afd	RMX54586.1	96.4	83	3	0	39	121	178	260	5.6e-35	157.9	122	260
Pver_novel_model_691_5de57afd	XP_032228298.1	31.7	139	92	1	26	161	85	223	3.2e-06	63.2	208	381
Pver_novel_model_692_5de57afd	XP_027060634.1	97.7	301	7	0	1	301	1	301	6.0e-155	557.8	302	301
Pver_novel_model_695_5de57afd	XP_022791803.1	98.2	163	3	0	1	163	129	291	3.0e-84	322.0	164	291
Pver_novel_model_696_5de57afd	XP_027037947.1	100.0	185	0	0	1	185	1	185	2.4e-98	369.0	186	185
Pver_novel_model_697_5de57afd	XP_027059936.1	98.0	204	4	0	1	204	1	204	2.2e-108	402.5	205	204
Pver_novel_model_698_5de57afd	XP_027055180.1	98.3	466	8	0	1	466	1	466	5.7e-229	804.3	467	466
Pver_novel_model_699_5de57afd	XP_027048083.1	98.5	909	14	0	1	909	1	909	0.0e+00	1858.6	910	909
Pver_novel_model_700_5de57afd	XP_027044201.1	98.8	327	4	0	1	327	1	327	2.0e-172	615.9	328	327
Pver_novel_model_702_5de57afd	XP_022809999.1	89.6	326	34	0	1	326	215	540	9.1e-157	563.9	327	540
Pver_novel_model_703_5de57afd	PFX13922.1	86.6	164	15	2	1	162	147	305	7.5e-70	274.2	170	394
Pver_novel_model_704_5de57afd	XP_027046265.1	99.5	200	1	0	1	200	1	200	7.9e-111	410.6	201	200
Pver_novel_model_705_5de57afd	XP_027049415.1	100.0	346	0	0	1	346	1	346	7.3e-189	670.6	348	353
Pver_novel_model_707_5de57afd	XP_027052298.1	100.0	199	0	0	1	199	1	199	2.8e-108	402.1	200	199
Pver_novel_model_709_5de57afd	XP_020606683.1	60.8	181	69	1	8	188	11	189	4.8e-55	225.3	205	199
Pver_novel_model_710_5de57afd	RMX52540.1	96.8	158	5	0	1	158	1	158	3.4e-64	255.4	159	158
Pver_novel_model_712_5de57afd	XP_022790888.1	89.8	364	31	2	1	358	1	364	5.8e-173	617.8	360	365
Pver_novel_model_714_5de57afd	XP_027039461.1	99.1	319	3	0	1	319	1	319	1.2e-174	623.2	320	319
Pver_novel_model_715_5de57afd	XP_027057421.1	98.4	377	6	0	1	377	1	377	1.8e-201	712.6	378	377
Pver_novel_model_716_5de57afd	PFX24677.1	62.6	182	65	1	1	182	1133	1311	3.1e-61	245.7	183	1358
Pver_novel_model_717_5de57afd	XP_027052548.1	62.7	142	53	0	3	144	248	389	2.5e-40	176.0	155	950
Pver_novel_model_718_5de57afd	XP_022804547.1	42.4	99	57	0	23	121	12	110	3.3e-09	72.8	168	973
Pver_novel_model_721_5de57afd	XP_027046108.1	98.8	248	3	0	1	248	1	248	2.3e-136	495.7	249	248
Pver_novel_model_722_5de57afd	XP_022780978.1	56.9	239	103	0	4	242	1	239	1.8e-69	273.5	243	248
Pver_novel_model_725_5de57afd	XP_022801906.1	89.5	229	24	0	1	229	273	501	8.2e-112	414.1	230	501
Pver_novel_model_728_5de57afd	PFX13230.1	67.9	352	113	0	1	352	52	403	3.9e-121	445.7	353	403
Pver_novel_model_729_5de57afd	XP_022803041.1	86.4	81	11	0	1	81	548	628	3.3e-31	144.8	83	629
Pver_novel_model_730_5de57afd	XP_022791718.1	100.0	145	0	0	1	145	87	231	1.7e-78	302.8	146	231
Pver_novel_model_732_5de57afd	XP_022805340.1	56.5	308	133	1	25	332	10	316	1.7e-89	340.5	348	324
Pver_novel_model_733_5de57afd	RMX57525.1	95.2	105	5	0	8	112	251	355	4.5e-52	216.1	314	706
Pver_novel_model_735_5de57afd	XP_022810319.1	83.8	278	42	2	1	277	1	276	5.4e-126	461.5	278	276
Pver_novel_model_736_5de57afd	XP_029210375.1	85.2	108	16	0	17	124	344	451	8.0e-45	190.7	125	471
Pver_novel_model_737_5de57afd	XP_022781321.1	81.0	279	53	0	1	279	76	354	1.8e-124	456.4	280	354
Pver_novel_model_738_5de57afd	PFX13030.1	96.6	262	9	0	1	262	260	521	1.5e-141	513.1	263	521
Pver_novel_model_740_5de57afd	PFX33526.1	98.0	149	3	0	49	197	15	163	4.3e-77	298.5	198	636
Pver_novel_model_747_5de57afd	XP_022804725.1	97.8	90	2	0	1	90	175	264	2.1e-42	182.2	91	264
Pver_novel_model_748_5de57afd	XP_027050133.1	99.3	404	3	0	1	404	1	404	9.4e-204	720.3	405	404
Pver_novel_model_749_5de57afd	XP_027050143.1	100.0	172	0	0	1	172	1	172	1.4e-68	270.0	173	172
Pver_novel_model_751_5de57afd	XP_027050184.1	96.5	375	13	0	1	375	1	375	4.3e-211	744.6	376	375
Pver_novel_model_752_5de57afd	XP_027041481.1	98.6	219	3	0	1	219	1	219	8.9e-124	453.8	220	219
Pver_novel_model_753_5de57afd	XP_027048576.1	97.0	265	8	0	1	265	1	265	2.3e-142	515.8	266	265
Pver_novel_model_754_5de57afd	RMX57799.1	90.1	142	12	1	1	140	1	142	3.0e-62	248.8	150	144
Pver_novel_model_755_5de57afd	XP_027043043.1	97.4	312	8	0	12	323	1	312	1.3e-163	586.6	325	313
Pver_novel_model_756_5de57afd	XP_027056852.1	98.0	299	6	0	2	300	1	299	2.4e-156	562.4	301	299
Pver_novel_model_757_5de57afd	PFX33329.1	59.7	119	48	0	2	120	180	298	4.5e-33	151.8	138	621
Pver_novel_model_758_5de57afd	XP_027052138.1	98.4	494	8	0	1	494	7	500	5.1e-276	960.7	495	500
Pver_novel_model_759_5de57afd	XP_027043038.1	98.4	320	5	0	1	320	1	320	1.7e-168	602.8	321	320
Pver_novel_model_760_5de57afd	XP_027057208.1	99.0	400	4	0	1	400	1	400	1.1e-215	760.0	401	400
Pver_novel_model_761_5de57afd	XP_022789462.1	67.4	129	42	0	1	129	1	129	1.4e-44	189.9	130	129
Pver_novel_model_762_5de57afd	RMX58255.1	68.7	147	17	1	1	118	1	147	2.2e-36	162.5	119	147
Pver_novel_model_763_5de57afd	RMX40525.1	97.3	226	6	0	1	226	1	226	7.5e-118	434.1	227	226
Pver_novel_model_764_5de57afd	XP_027050562.1	97.5	326	8	0	1	326	1	326	8.5e-171	610.5	327	326
Pver_novel_model_766_5de57afd	XP_027042475.1	94.7	94	5	0	1	94	1	94	1.5e-42	183.0	112	619
Pver_novel_model_768_5de57afd	XP_027051160.1	99.6	278	1	0	1	278	1	278	7.3e-155	557.4	279	278
Pver_novel_model_770_5de57afd	XP_015748862.1	99.2	126	1	0	1	126	1	126	2.4e-52	215.7	127	126
Pver_novel_model_771_5de57afd	RMX53995.1	58.7	482	75	2	1	358	1	482	4.1e-134	488.8	359	482
Pver_novel_model_773_5de57afd	XP_027039466.1	95.1	142	7	0	1	142	741	882	9.4e-74	287.0	143	882
Pver_novel_model_774_5de57afd	RMX57878.1	82.6	310	25	2	1	310	1	281	1.2e-126	463.8	315	281
Pver_novel_model_779_5de57afd	XP_022780052.1	91.6	1416	118	1	1	1415	490	1905	0.0e+00	2634.4	1420	1906
Pver_novel_model_780_5de57afd	XP_022780071.1	84.1	328	47	2	1	327	1	324	1.5e-141	513.5	339	332
Pver_novel_model_782_5de57afd	XP_027038221.1	98.1	362	7	0	1	362	1	362	1.1e-187	666.8	363	362
Pver_novel_model_783_5de57afd	XP_027038249.1	97.6	329	8	0	1	329	1	329	4.9e-174	621.3	333	333
Pver_novel_model_784_5de57afd	RMX50641.1	90.9	242	21	1	1	242	1	241	3.2e-112	416.0	338	561
Pver_novel_model_785_5de57afd	XP_027056018.1	99.1	336	3	0	1	336	1	336	1.3e-182	649.8	337	336
Pver_novel_model_786_5de57afd	XP_027052923.1	99.1	343	3	0	1	343	1	343	1.5e-181	646.4	344	343
Pver_novel_model_787_5de57afd	XP_027052915.1	99.0	384	4	0	1	384	1	384	9.6e-206	726.9	385	384
Pver_novel_model_788_5de57afd	XP_027053090.1	98.3	408	7	0	1	408	1	408	1.1e-223	786.6	409	408
Pver_novel_model_789_5de57afd	XP_027041861.1	95.3	106	5	0	1	106	1	106	2.1e-47	199.9	201	129
Pver_novel_model_790_5de57afd	XP_027040323.1	98.5	324	5	0	1	324	1	324	2.2e-171	612.5	325	324
Pver_novel_model_791_5de57afd	XP_027040358.1	99.4	156	1	0	1	156	1	156	2.7e-82	315.5	157	156
Pver_novel_model_792_5de57afd	XP_027060552.1	100.0	175	0	0	1	175	1	175	3.1e-71	278.9	176	175
Pver_novel_model_794_5de57afd	XP_027037207.1	99.5	196	1	0	1	196	1	196	3.4e-98	368.6	197	196
Pver_novel_model_795_5de57afd	XP_027060106.1	97.8	363	6	1	1	361	1	363	3.8e-188	668.3	362	363
Pver_novel_model_797_5de57afd	XP_027052568.1	99.5	185	1	0	1	185	1	185	2.9e-99	372.1	186	185
Pver_novel_model_798_5de57afd	PFX24497.1	83.4	151	22	2	1	151	255	402	1.7e-65	259.6	153	403
Pver_novel_model_799_5de57afd	RMX48974.1	96.6	148	5	0	47	194	47	194	1.8e-70	276.9	269	211
Pver_novel_model_801_5de57afd	XP_027040719.1	76.6	218	51	0	1	218	66	283	3.9e-87	332.0	221	283
Pver_novel_model_804_5de57afd	RMX40483.1	80.5	118	23	0	1	118	2	119	2.0e-40	176.0	120	256
Pver_novel_model_805_5de57afd	RMX50292.1	100.0	103	0	0	10	112	1	103	4.2e-53	218.0	113	103
Pver_novel_model_807_5de57afd	RMX57139.1	60.2	284	113	0	1	284	250	533	7.1e-81	311.6	287	538
Pver_novel_model_810_5de57afd	RMX61539.1	86.4	125	17	0	1	125	244	368	8.9e-52	213.8	126	850
Pver_novel_model_814_5de57afd	RMX35953.1	60.7	308	121	0	7	314	300	607	2.7e-89	339.7	320	1936
Pver_novel_model_817_5de57afd	XP_027039448.1	97.1	104	3	0	1	104	33	136	4.3e-52	214.5	105	136
Pver_novel_model_818_5de57afd	XP_027052288.1	99.7	292	1	0	1	292	1	292	3.5e-160	575.1	293	292
Pver_novel_model_820_5de57afd	XP_029183971.1	71.3	150	43	0	2	151	98	247	4.0e-54	222.2	200	413
Pver_novel_model_821_5de57afd	XP_020622272.1	56.0	259	110	4	1	257	20	276	1.1e-70	277.7	269	276
Pver_novel_model_823_5de57afd	RMX59343.1	86.2	145	20	0	22	166	13	157	4.2e-57	231.9	169	158
Pver_split_gene_g408-g408.t1-m18	XP_027050651.1	94.3	653	37	0	1	653	1	653	0.0e+00	1107.0	654	653
Pver_split_gene_g467-g467.t1-m19	XP_027045730.1	99.5	554	3	0	1	554	1	554	3.3e-308	1067.8	555	554
Pver_split_gene_g499-g499.t1-m21	XP_027039186.1	93.5	603	32	1	1	603	1	596	0.0e+00	1105.9	604	596
Pver_split_gene_g506-g506.t1-m22	XP_027039200.1	98.3	424	7	0	1	424	1	424	2.5e-247	865.1	425	424
Pver_split_gene_g790-g790.t1-m42	XP_027036584.1	99.0	721	7	0	1	721	1	721	0.0e+00	1434.1	722	721
Pver_split_gene_g1622-g1622.t1-m68	XP_027046308.1	98.5	323	4	1	2	323	1	323	1.8e-165	592.8	324	323
Pver_split_gene_g1652-g1652.t1-m72	XP_027054758.1	100.0	469	0	0	1	469	1	469	2.2e-273	951.8	470	469
Pver_split_gene_g2018-g2018.t1-m86	XP_027037851.1	92.2	1306	56	5	1	1263	1	1303	0.0e+00	2117.4	1264	1303
Pver_split_gene_g2081-g2081.t1-m88	XP_027056896.1	98.8	411	3	1	1	411	1	409	3.6e-235	824.7	412	409
Pver_split_gene_g2106-g2106.t1-m89	XP_027057394.1	99.4	511	3	0	1	511	1	511	6.8e-292	1013.4	512	511
Pver_split_gene_g2307-g2307.t1-m103	XP_027037329.1	95.5	418	12	1	1	418	1	411	2.8e-219	771.9	419	411
Pver_split_gene_g2472-g2472.t1-m113	XP_027035616.1	99.6	502	2	0	1	502	22	523	4.1e-281	977.6	503	523
Pver_split_gene_g2601-g2601.t1-m121	XP_027056069.1	98.2	650	12	0	1	650	1	650	0.0e+00	1116.3	656	766
Pver_split_gene_g2972-g2972.t1-m135	XP_022801606.1	89.3	484	52	0	1	484	1	484	2.0e-96	364.0	485	500
Pver_split_gene_g3070-g3070.t1-m143	RMX47622.1	96.9	319	10	0	1	319	1	319	1.6e-169	606.3	320	601
Pver_split_gene_g3081-g3081.t1-m144	XP_020620261.1	36.9	599	317	16	16	583	8	576	7.9e-74	289.3	594	580
Pver_split_gene_g5260-g5260.t1-m211	XP_027050069.1	99.2	383	3	0	1	383	1	383	5.2e-220	774.2	384	383
Pver_split_gene_g5274-g5274.t1-m212	XP_027050054.1	98.6	284	4	0	1	284	1	284	8.2e-162	580.5	285	284
Pver_split_gene_g5412-g5412.t1-m219	XP_022783444.1	67.0	315	74	3	1	315	1	285	1.9e-98	370.2	321	285
Pver_split_gene_g5428-g5428.t1-m220	RMX44810.1	98.4	124	2	0	1	124	6	129	2.3e-35	159.5	146	130
Pver_split_gene_g5637-g5637.t1-m228	XP_027052361.1	64.2	550	180	8	1	544	1	539	3.2e-175	625.9	545	539
Pver_split_gene_g5912-g5912.t1-m234	XP_027040447.1	98.5	674	10	0	1	674	1	674	0.0e+00	1359.4	675	674
Pver_split_gene_g6071-g6071.t1-m239	XP_027044257.1	96.7	481	16	0	1	481	1	481	1.1e-278	969.5	482	481
Pver_split_gene_g6708-g6708.t1-m263	XP_027037510.1	98.4	495	8	0	1	495	1	495	3.3e-275	958.0	496	495
Pver_split_gene_g7649-g7649.t1-m298	XP_027048032.1	99.0	1143	12	0	1	1143	1	1143	0.0e+00	2207.9	1144	1143
Pver_split_gene_g8246-g8246.t1-m314	XP_027059893.1	97.7	525	12	0	1	525	1	525	6.3e-301	1043.5	526	525
Pver_split_gene_g8385-g8385.t1-m324	XP_027053771.1	72.4	239	56	3	129	359	54	290	2.7e-85	326.6	360	290
Pver_split_gene_g8897-g8897.t1-m342	XP_027048952.1	95.3	698	33	0	1	698	1	698	0.0e+00	1337.8	705	700
Pver_split_gene_g9625-g9625.t1-m374	XP_027044333.1	93.2	2392	136	4	1	2368	1	2390	0.0e+00	4326.9	2369	2390
Pver_split_gene_g9780-g9780.t1-m384	XP_027036918.1	91.8	633	52	0	1	633	1	633	0.0e+00	1182.9	634	633
Pver_split_gene_g11101-g11101.t1-m424	XP_027043337.1	98.0	910	18	0	1	910	1	910	0.0e+00	1759.2	911	910
Pver_split_gene_g11128-g11128.t1-m425	XP_027042276.1	85.4	171	23	1	1	171	1	169	1.2e-80	310.1	172	169
Pver_split_gene_g11177-g11177.t1-m427	XP_027053547.1	99.2	248	2	0	1	248	1	248	8.5e-147	530.4	249	248
Pver_split_gene_g11806-g11806.t1-m456	XP_022779021.1	100.0	376	0	0	1	376	1	376	1.7e-215	759.2	377	376
Pver_split_gene_g11947-g11947.t1-m468	XP_027038325.1	99.2	909	7	0	1	909	1	909	0.0e+00	1779.6	910	909
Pver_split_gene_g12735-g12735.t1-m498	XP_027051128.1	79.9	412	82	1	44	454	1	412	1.6e-180	643.3	455	412
Pver_split_gene_g13192-g13192.t1-m515	XP_027054084.1	98.9	469	5	0	1	469	1	469	9.4e-264	919.8	470	469
Pver_split_gene_g14591-g14591.t1-m562	XP_027050146.1	99.8	507	1	0	1	507	1	507	2.9e-279	971.5	508	507
Pver_split_gene_g15247-g15247.t1-m583	XP_027052142.1	99.5	436	2	0	1	436	1	436	7.9e-249	870.2	437	436
Pver_split_gene_g15610-g15610.t1-m596	XP_027038254.1	97.7	386	9	0	1	386	1	386	4.0e-220	774.6	387	386
Pver_split_gene_g16938-g16938.t1-m653	XP_027039965.1	98.2	164	3	0	1	164	159	322	2.2e-87	332.4	165	322
Pver_split_gene_g26291-g26291.t1-m809	XP_027058520.1	98.6	634	9	0	1	634	1	634	0.0e+00	1269.6	635	634
