not mapped
TRINITY_DN67323_c0_g1_i1
XP_027053481.1
99.4
362
2
0
148
1233
1
6.6e-186
661.4
1542
TRINITY_DN67325_c0_g1_i1
CAE7695547.1
99.9
1073
10
3228
0.0e+00
2120.9
3451
TRINITY_DN67326_c0_g1_i1
99.8
584
1753
753
1336
1159.4
1797
TRINITY_DN67332_c0_g1_i1
97.2
282
8
5
850
7.2e-142
514.2
851
302
TRINITY_DN67337_c0_g1_i1
100.0
956
40
2907
25
980
1806.2
2970
TRINITY_DN67342_c0_g1_i1
CAE7834375.1
99.0
192
68
643
3.0e-94
355.9
792
TRINITY_DN67346_c0_g1_i1
CAE7741569.1
96.7
491
43
1467
1230
1720
3.5e-283
984.6
1581
TRINITY_DN67347_c0_g1_i1
CAE7910965.1
96
616
903
1.9e-42
184.5
1263
TRINITY_DN67354_c0_g1_i1
98.8
168
505
17
184
2.8e-92
349.4
793
577
TRINITY_DN67358_c0_g1_i1
XP_027036275.1
96.4
249
9
755
7.2e-112
415.2
1349
TRINITY_DN67360_c0_g1_i1
XP_027053657.1
99.5
211
99
731
1.1e-101
381.3
1246
TRINITY_DN67362_c0_g1_i1
XP_027042345.1
92.8
290
21
11
880
4.8e-142
515.0
970
TRINITY_DN67369_c0_g1_i1
CAE7204823.1
97.9
426
380
1657
977
1401
7.1e-216
761.1
3015
TRINITY_DN67371_c0_g1_i1
XP_022779425.1
56.7
506
205
6
24
1511
74
575
2.5e-145
526.6
2499
TRINITY_DN67372_c0_g1_i1
CAE7367235.1
412
3
44
1276
1.9e-237
832.4
1329
TRINITY_DN67375_c0_g1_i1
CAE7534003.1
93.5
415
19
1227
178
590
2.9e-229
805.1
607
TRINITY_DN67377_c0_g1_i1
97.7
173
4
520
183
5.9e-86
327.8
532
383
TRINITY_DN67401_c0_g1_i1
CAE7311602.1
530
75
1664
1.9e-221
779.6
1743
TRINITY_DN67405_c0_g1_i1
CAE7249463.1
98.9
759
2316
1311.6
2387
1134
TRINITY_DN67406_c0_g1_i1
CAE7853591.1
99.3
144
15
446
9.3e-73
283.9
TRINITY_DN67414_c0_g1_i1
CAE7445133.1
90.7
355
29
64
1125
352
2.5e-157
566.2
TRINITY_DN67415_c0_g1_i1
457
1371
277
733
2.4e-263
918.7
1591
1750
TRINITY_DN67417_c0_g1_i1
99.7
339
37
1053
104
442
8.0e-191
677.2
1068
TRINITY_DN67419_c0_g1_i1
95.4
109
258
449
557
2.8e-52
216.1
695
TRINITY_DN67423_c0_g1_i1
53.4
116
51
110
114
4.8e-22
115.9
721
189
TRINITY_DN67446_c0_g1_i1
CAE6957664.1
432
1314
431
5.5e-232
814.3
1387
TRINITY_DN67447_c0_g1_i1
XP_002177758.1
84.0
481
77
1486
8.1e-237
830.5
1532
TRINITY_DN67449_c0_g1_i1
CAE7237950.1
369
112
1218
1.4e-207
733.0
1220
2657
TRINITY_DN67451_c0_g1_i1
CAE7259512.1
88.7
381
475
1617
5.4e-182
648.7
1901
413
TRINITY_DN67452_c0_g1_i1
91.0
411
14
1170
2.2e-200
709.1
1215
TRINITY_DN67454_c0_g1_i1
CAE7226603.1
90.6
479
39
34
1461
476
5.6e-213
751.5
1798
TRINITY_DN67455_c0_g1_i1
CAE7687236.1
68.5
248
71
752
256
1.9e-93
353.2
762
TRINITY_DN67458_c0_g1_i1
394
13
1194
2250
2643
2.7e-234
822.0
1413
3662
TRINITY_DN67459_c0_g1_i1
213
543
613
7.2e-29
139.0
982
TRINITY_DN67461_c0_g1_i1
CAE7840413.1
515
1568
1080.1
1614
TRINITY_DN67465_c0_g1_i1
XP_027051092.1
209
102
728
1.5e-107
401.4
1938
TRINITY_DN67472_c0_g1_i1
CAE7499059.1
89.5
389
1197
5.2e-197
698.0
1272
TRINITY_DN67488_c0_g1_i1
XP_027055501.1
98.3
356
5.5e-187
664.8
1436
TRINITY_DN67489_c0_g1_i1
CAE7312787.1
416
1257
398
9.0e-226
793.5
1258
TRINITY_DN67490_c0_g1_i1
93.3
433
18
1316
3.7e-226
795.0
1501
TRINITY_DN67497_c0_g1_i1
97.1
35
222
118
5.3e-11
79.0
587
137
TRINITY_DN67504_c0_g1_i1
84.8
330
969
1392
1679
1.9e-144
523.1
1037
TRINITY_DN67506_c0_g1_i1
XP_027052573.1
97.0
100
495
196
710
809
2.7e-39
172.9
576
TRINITY_DN67509_c0_g1_i1
CAE7597120.1
194
655
8.6e-99
370.9
747
TRINITY_DN67517_c0_g1_i1
XP_027053187.1
99.2
251
754
134
384
8.0e-134
488.0
1243
TRINITY_DN67519_c0_g1_i1
XP_027053972.1
87.7
138
113
526
2.8e-61
246.1
663
139
TRINITY_DN67524_c0_g1_i1
CAE7242633.1
101
81
2198
2298
2.3e-45
192.6
419
TRINITY_DN67528_c0_g1_i1
XP_027036484.1
75.0
243
52
549
611
3.1e-16
95.9
715
TRINITY_DN67531_c0_g1_i1
CAE7384785.1
96.8
556
69
1736
1115.1
1972
TRINITY_DN67537_c0_g1_i1
336
7
80
1087
49
1.9e-176
629.8
1351
TRINITY_DN67545_c0_g1_i1
CAE7942772.1
359
1113
8.4e-163
584.3
1265
TRINITY_DN67549_c0_g1_i1
CAE7517870.1
364
1095
372
2.9e-199
705.3
1133
TRINITY_DN67552_c0_g1_i1
CAE7352523.1
176
63
1.2e-101
380.2
640
298
TRINITY_DN67556_c0_g1_i1
XP_027047355.1
639
4.1e-110
409.1
1086
TRINITY_DN67558_c0_g1_i1
1323
23
3991
2698.7
4146
TRINITY_DN67559_c0_g1_i1
CAE7889493.1
485
88
238
722
1.3e-286
996.1
1840
1782
TRINITY_DN67563_c0_g1_i1
CAE7249464.1
95.0
135
800
2.1e-100
376.7
1000
TRINITY_DN67564_c0_g1_i1
XP_027036888.1
91
1.1e-56
231.1
742
TRINITY_DN67570_c0_g1_i1
CAE7298305.1
619
1859
147
765
1233.0
1913
1454
TRINITY_DN67571_c0_g1_i1
90.5
420
1179
156
7.1e-220
773.9
1207
846
TRINITY_DN67572_c0_g1_i1
XP_027040358.1
3.7e-82
315.8
TRINITY_DN67573_c0_g1_i1
CAE7353738.1
328
1085
4.8e-154
555.1
1118
TRINITY_DN67592_c0_g1_i1
292
878
308
9.4e-169
603.6
890
3355
TRINITY_DN67593_c0_g1_i1
91.9
417
2.1e-58
236.9
794
169
TRINITY_DN67603_c0_g1_i1
78
301
6.7e-34
154.8
521
TRINITY_DN67612_c0_g1_i1
XP_027050450.1
263
730
1.5e-87
334.3
1264
TRINITY_DN67620_c0_g1_i1
119
358
95
3.4e-56
228.4
373
807
TRINITY_DN67623_c0_g1_i1
92.1
429
341
1549
379
1.5e-217
766.5
1551
815
TRINITY_DN67632_c0_g1_i1
206
642
1.1e-115
426.8
210
TRINITY_DN67633_c0_g1_i1
CAE7866028.1
98.0
709
26
2113
1332.0
2207
TRINITY_DN67636_c0_g1_i1
CAE6972191.1
98.1
33
659
9.8e-109
404.1
796
TRINITY_DN67644_c0_g1_i1
CAE7576333.1
61.6
159
59
474
171
4.9e-43
185.3
172
TRINITY_DN67648_c0_g1_i1
47
916
5.6e-157
564.7
1023
TRINITY_DN67650_c0_g1_i1
39.8
133
403
795
158
4.6e-22
116.7
1177
387
TRINITY_DN67651_c0_g1_i1
1074
591
948
6.1e-207
730.7
1076
TRINITY_DN67653_c0_g1_i1
XP_027057123.1
98.7
79
31
267
6.0e-38
167.5
314
TRINITY_DN67654_c0_g1_i1
CAE7240784.1
94.2
668
38
42
2042
751
1418
1220.3
2056
TRINITY_DN67660_c0_g1_i1
XP_027050587.1
427
6.3e-51
212.6
1201
TRINITY_DN67665_c0_g1_i1
94.4
108
329
933
1040
1.2e-47
199.9
331
1433
TRINITY_DN67666_c0_g1_i1
CAE7484196.1
975
2983
1742.2
3111
TRINITY_DN67668_c0_g1_i1
97.8
686
2018
986
1215.7
2112
TRINITY_DN67673_c0_g1_i1
430
1292
1.7e-251
879.0
901
TRINITY_DN67681_c0_g1_i1
CAE7712567.1
82.2
696
2047
706
1400
1120.1
2084
1410
TRINITY_DN67685_c0_g1_i1
XP_027048412.1
319
1129
1.1e-169
607.8
TRINITY_DN67698_c0_g1_i1
CAE7173768.1
459
65
1441
6.3e-269
937.2
1571
TRINITY_DN67702_c0_g1_i1
CAE7671683.1
48
6.9e-239
837.4
483
TRINITY_DN67707_c0_g1_i1
86.4
54
797
236
7.7e-102
909
TRINITY_DN67708_c0_g1_i1
CAE7943624.1
83.3
558
154
360
1.3e-77
301.2
1155
TRINITY_DN67709_c0_g1_i1
XP_027060363.1
285
861
1.5e-151
547.0
TRINITY_DN67715_c0_g1_i1
CAE7579689.1
97.5
447
1.8e-243
852.4
1408
TRINITY_DN67720_c0_g1_i1
182
225
770
725
906
2.9e-74
289.7
856
TRINITY_DN67735_c0_g1_i1
CAE7850754.1
94.1
7.4e-34
154.1
337
601
TRINITY_DN67743_c0_g1_i1
XP_029210873.1
85.8
28
627
204
414
1.8e-102
382.9
628
TRINITY_DN67748_c0_g1_i1
925
2784
1854.7
TRINITY_DN67749_c0_g1_i1
64.1
12
597
1.2e-85
327.0
631
TRINITY_DN67750_c0_g1_i1
496
161
7.9e-75
290.8
240
TRINITY_DN67755_c0_g1_i1
273
27
845
6.2e-146
528.1
1109
2811
TRINITY_DN67759_c0_g1_i1
XP_027038437.1
128
386
340
1.3e-66
263.5
514
TRINITY_DN67769_c0_g1_i1
CAE7528471.1
486
1505
6.6e-290
1006.9
1592
872
TRINITY_DN67772_c0_g1_i1
151
455
160
1.9e-81
312.8
511
TRINITY_DN67785_c0_g1_i1
400
1224
1.5e-234
822.8
1352
TRINITY_DN67798_c0_g1_i1
409
281
1.6e-18
103.6
471
TRINITY_DN67800_c0_g1_i1
CAE7676072.1
188
1426
464
1.1e-227
800.0
1459
TRINITY_DN67803_c0_g1_i1
XP_027036315.1
174
141
662
5.9e-97
365.2
938
299
TRINITY_DN67806_c0_g1_i1
XP_022809568.1
95.3
107
325
7.7e-53
217.2
363
TRINITY_DN67808_c0_g1_i1
93
306
4.6e-42
181.8
465
TRINITY_DN67811_c0_g1_i1
1377
1168
1624
7.1e-265
923.7
TRINITY_DN67816_c0_g1_i1
CAE7309292.1
132
454
2.0e-62
249.6
507
TRINITY_DN67825_c0_g1_i1
579
1647
1780
3.4e-69
272.3
TRINITY_DN67830_c0_g1_i1
XP_027035851.1
96.5
343
1.4e-56
229.6
345
1635
TRINITY_DN67832_c0_g1_i1
73.1
32
580
224
177
295
9.3e-40
174.5
588
TRINITY_DN67841_c0_g1_i1
CAE7888369.1
468
1499
4.4e-270
941.0
1564
TRINITY_DN67848_c0_g1_i1
XP_027056868.1
66
1.7e-60
242.7
TRINITY_DN67863_c0_g1_i1
XP_027045559.1
293
1061
1.2e-158
570.5
1235
TRINITY_DN67864_c0_g1_i1
XP_022803367.1
69.7
89
269
6.1e-13
84.7
TRINITY_DN67867_c0_g1_i1
CAE7901721.1
1470
1200
1680
7.8e-243
850.5
1565
TRINITY_DN67872_c0_g1_i1
XP_027054813.1
98.4
288
247
310
2.8e-25
126.7
TRINITY_DN67874_c0_g1_i1
XP_027055891.1
544
1727
2.1e-263
919.1
1848
TRINITY_DN67876_c0_g1_i1
XP_027050756.1
1.8e-168
603.2
1275
TRINITY_DN67889_c0_g1_i1
CAE7683319.1
62.2
763
2.6e-119
439.5
972
434
TRINITY_DN67902_c0_g1_i1
CAE7564351.1
80.2
745
344
7.7e-90
341.7
1035
TRINITY_DN67906_c0_g1_i1
CAE7274033.1
97.6
124
406
3.9e-64
255.0
TRINITY_DN67909_c0_g1_i1
CAE6945496.1
390
1173
61
450
2.1e-161
579.7
TRINITY_DN67916_c0_g1_i1
323
920
334
3.9e-160
575.1
962
TRINITY_DN67917_c0_g1_i1
253
761
1114
1366
3.7e-148
535.0
805
TRINITY_DN67922_c0_g1_i1
CAE7596285.1
1734
572
6.4e-294
1020.4
1771
TRINITY_DN67930_c0_g1_i1
CAE7948132.1
311
1044
98
408
4.4e-133
485.3
1046
1278
TRINITY_DN67934_c0_g1_i1
CAE7609578.1
98.6
1057
117
3287
1843.6
3425
TRINITY_DN67937_c0_g1_i1
942
46
3.5e-177
631.7
974
TRINITY_DN67943_c0_g1_i1
XP_027052290.1
89.0
228
785
2.7e-112
416.0
868
TRINITY_DN67946_c0_g1_i1
CAE7649711.1
91.8
16
36
617
203
2.5e-91
345.9
618
207
TRINITY_DN67947_c0_g1_i1
XP_027044540.1
1116
1.1e-126
464.2
365
TRINITY_DN67949_c0_g1_i1
79.5
122
6.8e-47
197.6
391
129
TRINITY_DN67951_c0_g1_i1
193
9.6e-93
350.9
778
1731
TRINITY_DN67952_c0_g1_i1
CAE7232453.1
242
1579
8.3e-254
887.1
TRINITY_DN67965_c0_g1_i1
CAE7494976.1
79.7
20
405
803
41
166
7.7e-48
201.8
829
TRINITY_DN67969_c0_g1_i1
XP_027058762.1
500
5.5e-73
284.6
509
333
TRINITY_DN67971_c0_g1_i1
CAE7227425.1
561
1705
560
1.3e-307
1065.8
1784
TRINITY_DN67980_c0_g1_i1
CAE7567959.1
163
767
382
1.9e-73
287.3
1166
568
TRINITY_DN67983_c0_g1_i1
320
937
5.5e-110
408.7
1100
TRINITY_DN67986_c0_g1_i1
CAE7949900.1
1.3e-39
173.7
480
2302
TRINITY_DN67991_c0_g1_i1
438
448
2.5e-216
762.3
1430
1605
TRINITY_DN67992_c0_g1_i1
CAE7889256.1
94.3
440
3.0e-243
851.7
1355
TRINITY_DN67994_c0_g1_i1
264
1.2e-107
400.6
896
TRINITY_DN67998_c0_g1_i1
CAE7614503.1
1.3e-60
243.4
466
TRINITY_DN68007_c0_g1_i1
CAE7474232.1
569
1738
1092.0
2165
TRINITY_DN68008_c0_g1_i1
CAE7400378.1
140
673
3.4e-77
299.3
808
TRINITY_DN68010_c0_g1_i1
CAE7526284.1
719
717
1356.7
2333
TRINITY_DN68012_c0_g1_i1
XP_027059570.1
645
782
1.7e-56
1333
TRINITY_DN68013_c0_g1_i1
XP_027055830.1
519
289
1845
5.5e-270
1976
TRINITY_DN68018_c0_g1_i1
959
58
1.8e-153
553.1
1105
TRINITY_DN68025_c0_g1_i1
CAE7944377.1
317
56
1006
2.1e-171
612.8
TRINITY_DN68029_c0_g1_i1
CAE7477616.1
322
57
1022
4.0e-174
621.7
1078
TRINITY_DN68032_c0_g1_i1
91.4
232
231
926
693
908
1.4e-108
404.4
1493
1850
TRINITY_DN68034_c0_g1_i1
478
1.7e-79
306.2
456
TRINITY_DN68036_c0_g1_i1
XP_027053526.1
99.6
275
840
3.7e-149
538.5
884
TRINITY_DN68046_c0_g1_i1
CAE7645996.1
66.7
92
30
1367
423
1.4e-161
580.9
1852
1028
TRINITY_DN68051_c0_g1_i1
XP_020620673.1
44.0
712
2109
661
2.2e-145
527.3
2263
TRINITY_DN68058_c0_g1_i1
CAE7187763.1
239
720
598
3.3e-132
481.9
608
TRINITY_DN68062_c0_g1_i1
CAE8632426.1
60.6
90
825
261
2.2e-69
273.5
888
TRINITY_DN68070_c0_g1_i1
96.3
5.4e-48
120
TRINITY_DN68079_c0_g1_i1
CAE7949520.1
367
1103
665
2.5e-204
722.2
1221
TRINITY_DN68081_c0_g1_i1
XP_027050792.1
220
727
1.4e-122
449.9
729
523
TRINITY_DN68083_c0_g1_i1
XP_027052986.1
555
1796
1100.9
2543
TRINITY_DN68087_c0_g1_i1
XP_020624814.1
69.9
73
585
8.5e-50
208.0
660
TRINITY_DN68093_c0_g1_i1
CAE7239478.1
79.8
105
6.1e-25
124.4
327
TRINITY_DN68095_c0_g1_i1
CAE7449609.1
1.6e-72
283.5
679
TRINITY_DN68117_c0_g1_i1
CAE7242712.1
1273
162
581
3.2e-187
665.6
1406
1216
TRINITY_DN68118_c0_g1_i1
XP_027044702.1
418
1.9e-65
259.6
504
TRINITY_DN68123_c0_g1_i1
469
316
2.4e-86
328.9
TRINITY_DN68124_c0_g1_i1
CAE7798781.1
98.2
497
788
1.7e-281
979.2
1847
TRINITY_DN68125_c0_g1_i1
CAE7803456.1
534
1626
1077.0
1686
TRINITY_DN68126_c0_g1_i1
635
899
1108
2.2e-110
409.5
1154
TRINITY_DN68136_c0_g1_i1
XP_015755738.1
39.3
571
682
4.6e-17
TRINITY_DN68137_c0_g1_i1
307
175
276
4.4e-49
204.5
TRINITY_DN68148_c0_g1_i1
XP_027041239.1
315
2.1e-48
203.8
865
TRINITY_DN68155_c0_g1_i1
CAE7272678.1
441
1324
548
2.3e-259
905.2
TRINITY_DN68158_c0_g1_i1
XP_022794879.1
324
9.3e-50
206.8
905
TRINITY_DN68162_c0_g1_i1
CAE7254986.1
78.0
9.9e-50
209.1
1706
913
TRINITY_DN68163_c0_g1_i1
157
487
976
1132
6.1e-79
305.1
790
1497
TRINITY_DN68168_c0_g1_i1
312
9.7e-71
277.3
461
TRINITY_DN68173_c0_g1_i1
424
1289
2.0e-220
775.8
1311
TRINITY_DN68177_c0_g1_i1
XP_022787882.1
43.0
286
963
2.0e-54
224.2
1148
TRINITY_DN68179_c0_g1_i1
CAE7235409.1
2.4e-57
232.6
TRINITY_DN68183_c0_g1_i1
77.7
94
191
284
2.1e-35
160.2
674
741
TRINITY_DN68188_c0_g1_i1
CAE7315691.1
265
843
7.1e-148
534.6
TRINITY_DN68190_c0_g1_i1
CAE6942289.1
90.3
472
2.6e-77
298.9
TRINITY_DN68191_c0_g1_i1
CAE7604396.1
425
1345
1.3e-247
866.3
1510
TRINITY_DN68194_c0_g1_i1
XP_027054817.1
98.5
260
831
523.5
1369
TRINITY_DN68198_c0_g1_i1
59.9
876
6.3e-137
498.0
TRINITY_DN68201_c0_g1_i1
XP_027053677.1
88.5
1409
453
3.7e-222
782.3
2222
TRINITY_DN68202_c0_g1_i1
XP_022784033.1
76.0
9.2e-74
287.7
TRINITY_DN68206_c0_g1_i1
XP_027053181.1
3.6e-88
335.9
TRINITY_DN68208_c0_g1_i1
XP_027044884.1
185
5.2e-97
364.8
629
TRINITY_DN68210_c0_g1_i1
XP_027040021.1
678
7.5e-92
348.6
1229
TRINITY_DN68211_c0_g1_i1
XP_027037598.1
145
6.6e-68
267.7
546
TRINITY_DN68226_c0_g1_i1
CAE7724870.1
2.6e-117
432.6
818
TRINITY_DN68237_c0_g1_i1
CAE7941256.1
2059
2.2e-275
959.1
2214
841
TRINITY_DN68238_c0_g1_i1
XP_022778996.1
353
488
2.0e-53
219.2
954
TRINITY_DN68240_c0_g1_i1
CAE7938515.1
291
874
2060
2350
1.3e-165
593.6
TRINITY_DN68242_c0_g1_i1
CAE7525704.1
233
3.7e-127
465.3
TRINITY_DN68245_c0_g1_i1
CAE7250945.1
702
2153
1322.4
2335
TRINITY_DN68247_c0_g1_i1
45.3
155
1002
428
2.4e-60
243.8
1120
TRINITY_DN68257_c0_g1_i1
XP_022808695.1
71.7
1344
3.6e-164
589.0
1350
TRINITY_DN68258_c0_g1_i1
XP_027045231.1
1036
6.7e-115
425.6
1709
TRINITY_DN68264_c0_g1_i1
XP_027048263.1
198
683
3.5e-103
386.3
1334
TRINITY_DN68271_c0_g1_i1
XP_027047098.1
987
2.6e-160
575.9
1106
TRINITY_DN68283_c0_g1_i1
CAE7428287.1
1884
45
672
1.6e-306
1062.4
1889
TRINITY_DN68290_c0_g1_i1
XP_027042316.1
5.6e-50
207.6
349
TRINITY_DN68299_c0_g1_i1
342
1026
5.4e-188
667.9
1192
TRINITY_DN68304_c0_g1_i1
294
2.0e-149
540.0
TRINITY_DN68305_c0_g1_i1
95.1
687
2028
1177.5
2063
TRINITY_DN68306_c0_g1_i1
CAE7772284.1
8.6e-182
647.1
1030
TRINITY_DN68307_c0_g1_i1
CAE7527452.1
86.5
304
22
1007
8.1e-145
524.6
1295
TRINITY_DN68309_c0_g1_i1
XP_027060410.1
2.0e-168
602.8
TRINITY_DN68310_c0_g1_i1
CAE7553390.1
283
857
1756
2038
1.5e-153
2615
TRINITY_DN68317_c0_g1_i1
62.0
219
1.5e-28
136.7
637
TRINITY_DN68327_c0_g1_i1
CAE7944370.1
545
142
1776
6.2e-309
1070.5
1971
990
TRINITY_DN68345_c0_g1_i1
XP_022782453.1
85.4
130
1.9e-39
TRINITY_DN68349_c0_g1_i1
CAE7253335.1
1250
9.4e-229
803.5
TRINITY_DN68350_c0_g1_i1
565
1064
8.7e-81
311.2
1789
TRINITY_DN68353_c0_g1_i1
XP_027044308.1
951
200
3052
1705.3
3066
TRINITY_DN68354_c0_g1_i1
CAE7895758.1
927
4.6e-161
578.6
1270
TRINITY_DN68364_c0_g1_i1
CAE7831478.1
87.6
1038
1434
2.5e-202
715.7
1330
1774
TRINITY_DN68365_c0_g1_i1
641
516
3.4e-100
375.6
724
TRINITY_DN68366_c0_g1_i1
XP_027047793.1
875
6.0e-152
547.7
810
TRINITY_DN68373_c0_g1_i1
XP_027039672.1
533
1.6e-67
266.5
592
TRINITY_DN68374_c0_g1_i1
XP_027048245.1
255
766
1.8e-139
506.1
296
TRINITY_DN68375_c0_g1_i1
1017
143
8.2e-193
684.1
1342
1704
TRINITY_DN68376_c0_g1_i1
CAE7877523.1
936
9.7e-109
944
TRINITY_DN68379_c0_g1_i1
CAE7253692.1
125
422
1.5e-65
260.0
525
TRINITY_DN68381_c0_g1_i1
443
1407
1482
8.2e-258
900.2
1498
TRINITY_DN68387_c0_g1_i1
CAE7233372.1
586
620
1.8e-98
369.8
798
TRINITY_DN68393_c0_g1_i1
849
2548
897
4.2e-257
898.7
2636
953
TRINITY_DN68396_c0_g1_i1
XP_002178961.1
88.4
121
4.1e-52
214.9
TRINITY_DN68401_c0_g1_i1
CAE7155098.1
309
1025
6.2e-117
431.8
1126
TRINITY_DN68405_c0_g1_i1
CAE7208294.1
802
2442
1506.1
2444
883
TRINITY_DN68407_c0_g1_i1
CAE7242851.1
300
1.6e-165
593.2
TRINITY_DN68409_c0_g1_i1
XP_027056781.1
58.3
60
6.8e-08
68.2
TRINITY_DN68411_c0_g1_i1
95.2
226
5.0e-117
TRINITY_DN68423_c0_g1_i1
451
4.6e-78
302.4
TRINITY_DN68433_c0_g1_i1
CAE7633933.1
94.5
348
72
2.7e-170
609.0
1083
TRINITY_DN68438_c0_g1_i1
644
1283.5
2006
TRINITY_DN68441_c0_g1_i1
CAE7501537.1
63.6
53
250
3.5e-09
72.4
TRINITY_DN68454_c0_g1_i1
1.3e-37
684
TRINITY_DN68465_c0_g1_i1
CAE7215158.1
7.6e-69
270.8
470
TRINITY_DN68472_c0_g1_i1
CAE7544169.1
503
3.6e-75
292.0
527
TRINITY_DN68474_c0_g1_i1
XP_027049581.1
126
3.8e-58
235.7
TRINITY_DN68476_c0_g1_i1
170
513
5.1e-69
271.6
535
TRINITY_DN68481_c0_g1_i1
241
1.5e-132
483.0
726
2665
TRINITY_DN68482_c0_g1_i1
XP_027051655.1
218
1.2e-112
417.2
842
TRINITY_DN68490_c0_g1_i1
CAE7476306.1
512
8.4e-280
973.4
1655
TRINITY_DN68494_c0_g1_i1
CAE7853163.1
2005
1321.2
2125
TRINITY_DN68501_c0_g1_i1
CAE7807427.1
498
777
932
4.4e-73
285.4
701
1306
TRINITY_DN68502_c0_g1_i1
CAE7305790.1
56.4
622
1587
4.7e-143
519.2
1783
934
TRINITY_DN68510_c0_g1_i1
CAE7185100.1
1.0e-71
281.6
TRINITY_DN68512_c0_g1_i1
XP_027059962.1
115
3.5e-112
415.6
863
TRINITY_DN68514_c0_g1_i1
164
2.4e-204
TRINITY_DN68517_c0_g1_i1
CAE7257622.1
83.2
8.3e-43
184.1
TRINITY_DN68519_c0_g1_i1
82.3
62
1188
395
783
7.4e-172
614.8
1616
784
TRINITY_DN68521_c0_g1_i1
215
197
3544
3756
6.9e-84
321.6
3853
TRINITY_DN68523_c0_g1_i1
CAE7903144.1
1291
1.1e-224
790.0
1331
TRINITY_DN68531_c0_g1_i1
CAE7761652.1
6.6e-58
234.2
335
TRINITY_DN68532_c0_g1_i1
522
1.0e-12
85.1
TRINITY_DN68535_c0_g1_i1
CAE7888970.1
347
1069
458
791
9.4e-115
424.5
935
TRINITY_DN68539_c0_g1_i1
CAE7570299.1
5.2e-152
548.1
TRINITY_DN68542_c0_g1_i1
XP_027054745.1
212
266
2.4e-108
403.3
TRINITY_DN68545_c0_g1_i1
XP_022803154.1
5.0e-141
511.5
TRINITY_DN68550_c0_g1_i1
XP_029208847.1
44.4
70
167
1.5e-20
110.2
TRINITY_DN68573_c0_g1_i1
CAE7769781.1
99.1
1412
2.4e-162
583.2
1623
435
TRINITY_DN68579_c0_g1_i1
CAE7553516.1
50
3.2e-45
192.2
TRINITY_DN68582_c0_g1_i1
CAE6931110.1
216
6.2e-99
371.3
703
TRINITY_DN68583_c0_g1_i1
CAE7408358.1
72.2
271
76
3.4e-16
95.5
371
TRINITY_DN68587_c0_g1_i1
CAE7770414.1
30.4
536
1297
2.9e-23
120.9
1420
1050
TRINITY_DN68592_c0_g1_i1
150
4.7e-74
288.1
636
TRINITY_DN68594_c0_g1_i1
847
3.7e-146
528.5
TRINITY_DN68595_c0_g1_i1
CAE7167735.1
1479
5.6e-271
944.1
1713
600
TRINITY_DN68601_c0_g1_i1
CAE7150641.1
1.5e-52
714
573
TRINITY_DN68604_c0_g1_i1
CAE8635066.1
61.9
244
257
2.0e-82
317.0
TRINITY_DN68617_c0_g1_i1
676
3.3e-89
339.0
690
TRINITY_DN68621_c0_g1_i1
XP_020616614.1
78.4
2.4e-35
159.5
TRINITY_DN68632_c0_g1_i1
XP_027052468.1
919
4.8e-56
TRINITY_DN68633_c0_g1_i1
KAG5702955.1
37.7
393
8.8e-07
64.7
TRINITY_DN68639_c0_g1_i1
XP_027046395.1
351
3.1e-78
302.0
TRINITY_DN68640_c0_g1_i1
199
605
1065
2.5e-111
412.5
6882
TRINITY_DN68648_c0_g1_i1
CAE7380241.1
106
278
4.6e-89
338.2
562
TRINITY_DN68650_c0_g1_i1
91.3
892
4.9e-149
538.1
894
748
TRINITY_DN68654_c0_g1_i1
XP_027060303.1
3.4e-244
855.1
1681
TRINITY_DN68656_c0_g1_i1
CAE7350503.1
90.8
886
6.3e-133
484.6
887
TRINITY_DN68664_c0_g1_i1
CAE7565826.1
83.5
1.6e-29
141.0
TRINITY_DN68677_c0_g1_i1
399
123
6.2e-62
247.7
TRINITY_DN68683_c0_g1_i1
XP_031550895.1
34.6
1.2e-25
127.9
TRINITY_DN68685_c0_g1_i1
XP_027049657.1
374
82
1203
5.6e-216
TRINITY_DN68686_c0_g1_i1
CAE8628670.1
54.6
1.3e-55
227.6
835
TRINITY_DN68688_c0_g1_i1
436
4.6e-65
258.1
TRINITY_DN68695_c0_g1_i1
XP_027039743.1
2.7e-47
200.3
TRINITY_DN68705_c0_g1_i1
1.9e-141
512.7
4046
TRINITY_DN68706_c0_g1_i1
CAE7370357.1
854
1058
1.6e-114
423.3
TRINITY_DN68709_c0_g1_i1
1299
1135
1567
1.8e-164
590.1
TRINITY_DN68712_c0_g1_i1
XP_027042027.1
111
2.1e-49
205.7
1088
TRINITY_DN68715_c0_g1_i1
XP_022802829.1
66.1
2.5e-10
76.3
TRINITY_DN68718_c0_g1_i1
XP_027050582.1
6.4e-73
284.3
321
TRINITY_DN68719_c0_g1_i1
CAE7940552.1
593
4.7e-89
338.6
740
TRINITY_DN68725_c0_g1_i1
XP_027053206.1
1.2e-48
204.9
TRINITY_DN68726_c0_g1_i1
CAE7402733.1
1826
1183
1790
1140.6
1838
TRINITY_DN68727_c0_g1_i1
CAE7872771.1
819
1.2e-104
390.6
824
TRINITY_DN68737_c0_g1_i1
XP_027052905.1
677
3.0e-111
412.1
TRINITY_DN68744_c0_g1_i1
XP_027055439.1
252
6.8e-146
527.7
TRINITY_DN68745_c0_g1_i1
XP_027046671.1
7.2e-158
567.8
TRINITY_DN68749_c0_g1_i1
CAE7887733.1
385
1156
1.6e-207
TRINITY_DN68751_c0_g1_i1
CAE7555153.1
2.6e-222
781.9
1214
TRINITY_DN68758_c0_g1_i1
CAE7672166.1
90.1
55
2100
692
4.5e-268
934.9
2228
TRINITY_DN68759_c0_g1_i1
CAE7941846.1
1.4e-190
676.4
TRINITY_DN68760_c0_g1_i1
2.8e-78
TRINITY_DN68762_c0_g1_i1
XP_029210978.1
80.5
439
1.4e-22
117.1
TRINITY_DN68768_c0_g1_i1
84
680
7.3e-111
411.0
TRINITY_DN68772_c0_g1_i1
CAE7662960.1
52.7
482
TRINITY_DN68773_c0_g1_i1
XP_015757333.1
1082
1139
8.2e-07
64.3
1472
TRINITY_DN68775_c0_g1_i1
1684
8.1e-308
1066.6
1839
TRINITY_DN68779_c0_g1_i1
195
603
1.0e-84
323.9
TRINITY_DN68786_c0_g1_i1
CAE7242874.1
350
1.4e-23
120.2
TRINITY_DN68794_c0_g1_i1
CAE7894865.1
737
388
1.7e-131
479.6
TRINITY_DN68804_c0_g1_i1
208
8.0e-118
434.1
TRINITY_DN68809_c0_g1_i1
CAE7774033.1
1290
6.7e-225
790.8
1440
TRINITY_DN68810_c0_g1_i1
XP_027054140.1
272
871
1.2e-146
530.4
TRINITY_DN68813_c0_g1_i1
5.9e-49
204.1
647
TRINITY_DN68818_c0_g1_i1
XP_027052312.1
1147
3.4e-222
781.6
TRINITY_DN68822_c0_g1_i1
90.9
1.1e-100
377.1
772
TRINITY_DN68833_c0_g1_i1
XP_027053892.1
202
764
5.6e-109
405.6
TRINITY_DN68846_c0_g1_i1
92.9
237
1.7e-58
236.1
667
TRINITY_DN68849_c0_g1_i1
CAE7918509.1
1199
9.9e-111
411.4
995
TRINITY_DN68858_c0_g1_i1
XP_020617296.1
65.2
452
7.4e-49
205.3
TRINITY_DN68864_c0_g1_i1
26.7
165
4.0e-10
75.9
TRINITY_DN68865_c0_g1_i1
1.8e-69
273.1
TRINITY_DN68866_c0_g1_i1
CAE7381054.1
3.8e-135
491.9
TRINITY_DN68872_c0_g1_i1
CAE7249721.1
93.2
973
181
4.2e-164
588.6
TRINITY_DN68875_c0_g1_i1
CAE7516518.1
1.8e-138
503.1
922
TRINITY_DN68880_c0_g1_i1
2.4e-167
599.4
1212
TRINITY_DN68881_c0_g1_i1
4.7e-42
182.2
4808
TRINITY_DN68882_c0_g1_i1
688
907
1.4e-128
469.9
760
3185
TRINITY_DN68885_c0_g1_i1
CAE7180170.1
4.7e-175
625.2
1388
TRINITY_DN68894_c0_g1_i1
XP_022803484.1
96.0
5.1e-74
524
TRINITY_DN68899_c0_g1_i1
CAE7918482.1
227
8.8e-129
471.1
1081
833
TRINITY_DN68908_c0_g1_i1
CAE7815438.1
653
2.2e-111
412.9
816
1137
TRINITY_DN68911_c0_g1_i1
CAE7944968.1
1384
3.0e-254
888.3
1385
1963
TRINITY_DN68912_c0_g1_i1
28.3
67
7.8e-10
75.1
223
TRINITY_DN68916_c0_g1_i1
CAE6930315.1
477
3.3e-59
238.8
TRINITY_DN68919_c0_g1_i1
5.5e-26
TRINITY_DN68923_c0_g1_i1
CAE7715747.1
6.9e-108
TRINITY_DN68928_c0_g1_i1
XP_027038145.1
634
2.9e-119
438.7
TRINITY_DN68934_c0_g1_i1
CAE7798140.1
6.8e-287
996.9
1584
TRINITY_DN68942_c0_g1_i1
2.2e-14
89.4
TRINITY_DN68943_c0_g1_i1
CAE7555238.1
85
699
1.2e-98
370.5
814
TRINITY_DN68947_c0_g1_i1
XP_002738940.1
80.9
332
3.3e-42
TRINITY_DN68949_c0_g1_i1
149
3.7e-76
295.8
917
TRINITY_DN68960_c0_g1_i1
88.2
1.6e-27
134.4
TRINITY_DN68972_c0_g1_i1
XP_027046308.1
326
1.3e-38
169.9
TRINITY_DN68974_c0_g1_i1
4.1e-188
668.3
1178
TRINITY_DN68976_c0_g1_i1
9.5e-07
TRINITY_DN68978_c0_g1_i1
723
626
866
1.6e-138
TRINITY_DN68982_c0_g1_i1
XP_027050201.1
153
460
5.3e-76
295.0
TRINITY_DN68989_c0_g1_i1
CAE7341661.1
467
2.0e-69
TRINITY_DN68991_c0_g1_i1
CAE7664149.1
3.6e-72
282.0
TRINITY_DN68992_c0_g1_i1
CAE7224415.1
6.4e-132
481.1
817
TRINITY_DN68993_c0_g1_i1
CAE7353650.1
127
146
1.5e-69
TRINITY_DN69002_c0_g1_i1
XP_028412379.1
48.3
1.8e-19
106.3
TRINITY_DN69010_c0_g1_i1
CAE7032960.1
94.8
437
3.0e-78
929
TRINITY_DN69018_c0_g1_i1
XP_027059762.1
4.2e-41
178.3
TRINITY_DN69021_c0_g1_i1
CAE8736380.1
510
1576
1.1e-144
1752
TRINITY_DN69024_c0_g1_i1
596
4.0e-91
345.1
TRINITY_DN69030_c0_g1_i1
XP_029183774.1
36.3
338
551
3.1e-11
TRINITY_DN69038_c0_g1_i1
87.4
103
2.9e-40
175.3
313
TRINITY_DN69048_c0_g1_i1
XP_027042311.1
3.2e-72
282.3
TRINITY_DN69056_c0_g1_i1
86.0
2.7e-60
242.3
TRINITY_DN69063_c0_g1_i1
CAE7749768.1
230
8.1e-42
TRINITY_DN69064_c0_g1_i1
XP_005778894.1
48.4
5.3e-12
82.0
499
TRINITY_DN69065_c0_g1_i1
XP_027050878.1
93.9
246
4.7e-07
65.1
TRINITY_DN69082_c0_g1_i1
XP_027054466.1
84.1
971
1121
3.5e-55
225.3
TRINITY_DN69084_c0_g1_i1
CAE7337914.1
1.1e-205
726.9
1279
649
TRINITY_DN69086_c0_g1_i1
XP_027038122.1
94.0
1054
1169
6.5e-49
TRINITY_DN69093_c0_g1_i1
CAE7372204.1
259
5.2e-31
145.2
TRINITY_DN69101_c0_g1_i1
XP_027040292.1
2.1e-146
529.6
1096
TRINITY_DN69106_c0_g1_i1
83
2.3e-34
156.8
TRINITY_DN69119_c0_g1_i1
XP_027054793.1
1.1e-48
203.4
TRINITY_DN69123_c0_g1_i1
XP_027049995.1
2.5e-128
469.2
806
TRINITY_DN69128_c0_g1_i1
86.9
1248
1354
2.6e-45
193.4
1358
TRINITY_DN69134_c0_g1_i1
414.5
TRINITY_DN69139_c0_g1_i1
270
870
357
1.3e-147
533.5
531
TRINITY_DN69141_c0_g1_i1
XP_027036321.1
711
1.1e-111
413.7
713
TRINITY_DN69144_c0_g1_i1
858
2.1e-149
539.3
877
TRINITY_DN69157_c0_g1_i1
CAE7943261.1
4.5e-30
141.4
303
TRINITY_DN69158_c0_g1_i1
45.9
9.2e-22
114.0
TRINITY_DN69161_c0_g1_i1
XP_027053112.1
444
7.9e-84
320.5
445
TRINITY_DN69171_c0_g1_i1
2.2e-117
433.0
911
TRINITY_DN69175_c0_g1_i1
2.2e-84
322.8
624
TRINITY_DN69186_c0_g1_i1
CAE7941849.1
3.7e-77
298.5
TRINITY_DN69188_c0_g1_i1
XP_027056830.1
2.0e-44
191.0
1231
TRINITY_DN69191_c0_g1_i1
XP_027035665.1
3.0e-43
TRINITY_DN69193_c0_g1_i1
XP_027036743.1
4.5e-48
202.2
TRINITY_DN69207_c0_g1_i1
221
2958
3178
2.9e-96
362.5
3333
TRINITY_DN69208_c0_g1_i1
CAE7642134.1
1.5e-93
TRINITY_DN69210_c0_g1_i1
2.5e-73
14486
TRINITY_DN69215_c0_g1_i1
CAE7943937.1
274
2.6e-134
489.2
900
TRINITY_DN69226_c0_g1_i1
651
245.7
TRINITY_DN69232_c0_g1_i1
93.4
136
1.3e-64
256.9
TRINITY_DN69233_c0_g1_i1
CAE7946333.1
540
1772
9.2e-288
1000.0
TRINITY_DN69242_c0_g1_i1
1.9e-155
559.7
TRINITY_DN69248_c0_g1_i1
CAE7876898.1
402
1208
550
8.2e-239
837.0
1442
TRINITY_DN69250_c0_g1_i1
XP_027051479.1
3.0e-155
558.9
994
TRINITY_DN69254_c0_g1_i1
CAE7945995.1
401
2.7e-222
TRINITY_DN69258_c0_g1_i1
45.7
566
214
2.0e-23
567
TRINITY_DN69260_c0_g1_i1
492
2.3e-60
494
TRINITY_DN69271_c0_g1_i1
XP_027040883.1
81.3
6.9e-31
144.4
1015
TRINITY_DN69276_c0_g1_i1
CAE7709833.1
1761
1955
931
TRINITY_DN69278_c0_g1_i1
CAE7936600.1
1.4e-191
679.9
TRINITY_DN69283_c0_g1_i1
CAE7272174.1
681
3.6e-109
TRINITY_DN69290_c0_g1_i1
XP_027043818.1
180
8.4e-68
TRINITY_DN69292_c0_g1_i1
CAE7918620.1
95.7
1.5e-16
TRINITY_DN69293_c0_g1_i1
CAE7236946.1
1.5e-211
746.1
1274
TRINITY_DN69296_c0_g1_i1
XP_027040666.1
3.7e-67
265.0
TRINITY_DN69298_c0_g1_i1
CAE7895482.1
305
4.3e-125
458.8
1014
TRINITY_DN69300_c0_g1_i1
84.6
5.5e-124
454.9
915
TRINITY_DN69303_c0_g1_i1
6.9e-154
554.7
TRINITY_DN69309_c0_g1_i1
49.4
638
552
2.5e-12
902
TRINITY_DN69315_c0_g1_i1
XP_015776083.1
61.4
537
3.3e-31
146.4
707
TRINITY_DN69318_c0_g1_i1
CAE7615150.1
9.1e-36
161.0
501
TRINITY_DN69340_c0_g1_i1
4.1e-69
271.9
564
TRINITY_DN69343_c0_g1_i1
XP_027041099.1
50.0
4.1e-09
TRINITY_DN69352_c0_g1_i1
XP_020606882.1
41.6
1.7e-22
TRINITY_DN69359_c0_g1_i1
XP_027049437.1
7.6e-148
534.3
965
TRINITY_DN69362_c0_g1_i1
CAE7544840.1
287
538
2.0e-155
TRINITY_DN69363_c0_g1_i1
4.6e-85
325.5
838
TRINITY_DN69375_c0_g1_i1
CAE7886953.1
541
5.0e-140
508.1
TRINITY_DN69388_c0_g1_i1
XP_027055915.1
152
1.3e-71
280.4
TRINITY_DN69397_c0_g1_i1
XP_027059251.1
3874
3975
7.0e-55
223.8
8428
TRINITY_DN69404_c0_g1_i1
CAE7239499.1
410
230.3
TRINITY_DN69409_c0_g1_i1
3.0e-164
1117
TRINITY_DN69412_c0_g1_i1
CAE7909480.1
1.9e-54
223.4
375
TRINITY_DN69416_c0_g1_i1
XP_027047044.1
1.1e-122
450.3
TRINITY_DN69421_c0_g1_i1
2.9e-98
369.0
TRINITY_DN69423_c0_g1_i1
262
787
6.2e-140
507.7
TRINITY_DN69425_c0_g1_i1
CAE7619591.1
1.8e-92
349.7
657
TRINITY_DN69428_c0_g1_i1
93.7
1.3e-67
366
TRINITY_DN69432_c0_g1_i1
CAE7566013.1
229
2.8e-82
316.2
826
TRINITY_DN69436_c0_g1_i1
85.2
3.4e-34
156.0
TRINITY_DN69438_c0_g1_i1
CAE7238460.1
4.0e-46
196.1
781
TRINITY_DN69439_c0_g1_i1
CAE7937995.1
1339
2.7e-132
483.4
1666
404
TRINITY_DN69442_c0_g1_i1
1.7e-76
296.2
462
4544
TRINITY_DN69448_c0_g1_i1
4.6e-55
226.1
1012
TRINITY_DN69466_c0_g1_i1
XP_027045625.1
4.1e-55
225.7
TRINITY_DN69477_c0_g1_i1
CAE7307480.1
3.3e-64
255.4
TRINITY_DN69484_c0_g1_i1
CAE7723441.1
3.3e-303
1051.2
TRINITY_DN69487_c0_g1_i1
CAE7649517.1
517
4.1e-78
TRINITY_DN69491_c0_g1_i1
CAE7885425.1
599
368
633
TRINITY_DN69492_c0_g1_i1
XP_029205433.1
64.0
1.0e-32
151.0
TRINITY_DN69497_c0_g1_i1
72.3
1.0e-52
490
TRINITY_DN69498_c0_g1_i1
XP_027043800.1
493
1.6e-57
630
TRINITY_DN69499_c0_g1_i1
XP_022792433.1
279
1.7e-152
550.1
1195
TRINITY_DN69500_c0_g1_i1
3.8e-72
1198
TRINITY_DN69513_c0_g1_i1
XP_027046107.1
346
1119
1.5e-179
639.8
1123
TRINITY_DN69531_c0_g1_i1
CAE7856332.1
297
7.8e-23
117.5
TRINITY_DN69542_c0_g1_i1
XP_022806960.1
84.5
361
2.4e-26
129.0
TRINITY_DN69545_c0_g1_i1
749
2057
2304
1.3e-127
466.8
TRINITY_DN69546_c0_g1_i1
245
9.7e-133
483.8
TRINITY_DN69549_c0_g1_i1
CAE7427321.1
235
378
2.2e-123
452.6
TRINITY_DN69550_c0_g1_i1
XP_027057645.1
1957
2016
2.0e-25
126.3
2895
TRINITY_DN69553_c0_g1_i1
578
4.0e-96
361.7
TRINITY_DN69556_c0_g1_i1
XP_027052981.1
700
1.7e-57
233.8
TRINITY_DN69566_c0_g1_i1
93.8
370
1158
1.1e-190
676.8
1160
TRINITY_DN69574_c0_g1_i1
XP_027038699.1
97
594
4.4e-91
656
TRINITY_DN69581_c0_g1_i1
735
3.8e-124
455.3
823
TRINITY_DN69589_c0_g1_i1
CAE7237083.1
88.0
1.2e-36
163.7
TRINITY_DN69599_c0_g1_i1
59.2
86
5.4e-24
121.7
614
TRINITY_DN69610_c0_g1_i1
CAE7863603.1
623
744
7.9e-53
TRINITY_DN69621_c0_g1_i1
XP_027053678.1
3.4e-38
169.1
TRINITY_DN69622_c0_g1_i1
1.1e-127
467.2
TRINITY_DN69628_c0_g1_i1
CAE7237544.1
131
2.6e-65
259.2
TRINITY_DN69629_c0_g1_i1
89.9
1.8e-54
223.0
TRINITY_DN69632_c0_g1_i1
CAE7370038.1
1.3e-74
290.4
TRINITY_DN69638_c0_g1_i1
CAE7906459.1
1.3e-40
176.4
TRINITY_DN69641_c0_g1_i1
XP_027040604.1
1.3e-92
350.1
TRINITY_DN69643_c0_g1_i1
CAE7562188.1
9.2e-104
387.1
TRINITY_DN69644_c0_g1_i1
XP_029180728.1
78.1
1.7e-49
206.5
TRINITY_DN69653_c0_g1_i1
XP_029183824.1
73.8
1.2e-45
194.1
610
TRINITY_DN69665_c0_g1_i1
CAE7889240.1
4.8e-75
291.6
TRINITY_DN69676_c0_g1_i1
6.4e-37
164.5
TRINITY_DN69681_c0_g1_i1
CAE7380457.1
2.6e-106
396.0
779
TRINITY_DN69685_c0_g1_i1
CAE7608753.1
TRINITY_DN69689_c0_g1_i1
59.0
1.4e-10
77.4
TRINITY_DN69697_c0_g1_i1
187
1.3e-95
360.1
TRINITY_DN69701_c0_g1_i1
XP_015748553.1
60.3
2.3e-36
162.5
TRINITY_DN69714_c0_g1_i1
XP_027035541.1
1.7e-43
186.0
TRINITY_DN69728_c0_g1_i1
XP_027051957.1
96.6
3.1e-76
295.4
TRINITY_DN69743_c0_g1_i1
2164
2277
8.0e-52
213.8
TRINITY_DN69744_c0_g1_i1
5.2e-34
155.2
TRINITY_DN69746_c0_g1_i1
XP_002292237.1
80.8
3.3e-40
TRINITY_DN69754_c0_g1_i1
1.9e-52
215.7
TRINITY_DN69758_c0_g1_i1
CAD7942507.1
40.7
2.0e-10
77.0
TRINITY_DN69769_c0_g1_i1
XP_027039971.1
7.2e-74
734
TRINITY_DN69777_c0_g1_i1
XP_027052867.1
4.9e-48
201.1
TRINITY_DN69779_c0_g1_i1
XP_027038314.1
3.7e-31
TRINITY_DN69780_c0_g1_i1
XP_027059816.1
8.6e-101
377.5
TRINITY_DN69790_c0_g1_i1
1.9e-14
89.7
TRINITY_DN69793_c0_g1_i1
XP_027058543.1
59.7
6.8e-13
84.3
TRINITY_DN69797_c0_g1_i1
2.3e-80
309.3
563
TRINITY_DN69800_c0_g1_i1
CAE7190956.1
4.0e-49
TRINITY_DN69812_c0_g1_i1
CAE7226544.1
201
625
4.0e-116
428.3
654
TRINITY_DN69816_c0_g1_i1
1.9e-107
399.4
TRINITY_DN69831_c0_g1_i1
CAE6969546.1
TRINITY_DN69837_c0_g1_i1
XP_020625293.1
53.2
1.3e-31
147.1
TRINITY_DN69841_c0_g1_i1
CAE7823619.1
898
1.1e-133
487.3
1001
TRINITY_DN69863_c0_g1_i1
XP_027059883.1
254
4.6e-38
167.9
1723
TRINITY_DN69866_c0_g1_i1
1.2e-49
TRINITY_DN69870_c0_g1_i1
XP_027049008.1
2.5e-112
813
TRINITY_DN69873_c0_g1_i1
XP_027051907.1
2.9e-68
268.9
TRINITY_DN69878_c0_g1_i1
XP_027049377.1
377
202.6
TRINITY_DN69884_c0_g1_i1
XP_027057663.1
234
1.6e-126
463.4
TRINITY_DN69889_c0_g1_i1
XP_020632412.1
1.3e-08
70.5
TRINITY_DN69891_c0_g1_i1
XP_027038635.1
7.0e-92
347.4
786
TRINITY_DN69895_c0_g1_i1
CAE7435044.1
1.6e-53
219.9
TRINITY_DN69897_c0_g1_i1
62.1
1.2e-06
63.5
885
TRINITY_DN69902_c0_g1_i1
CAE7640012.1
94.6
1.8e-42
183.0
TRINITY_DN69907_c0_g1_i1
CAE7818588.1
7.3e-13
TRINITY_DN69917_c0_g1_i1
XP_027059256.1
529
489
1.3e-101
379.8
TRINITY_DN69928_c0_g1_i1
XP_027051127.1
2305
7.0e-74
3092
TRINITY_DN69932_c0_g1_i1
9.7e-55
TRINITY_DN69939_c0_g1_i1
XP_027047080.1
67.4
1.3e-07
67.0
TRINITY_DN69950_c0_g1_i1
KAG7352195.1
8.4e-56
227.3
TRINITY_DN69955_c0_g1_i1
CAE7915213.1
834
2027
TRINITY_DN69959_c0_g1_i1
XP_027060258.1
1018
256.5
1180
TRINITY_DN69978_c0_g1_i1
XP_022799039.1
88.1
1.8e-20
109.8
TRINITY_DN69989_c0_g1_i1
XP_027044943.1
4.7e-75
291.2
TRINITY_DN69993_c0_g1_i1
CAE8740682.1
60.9
5.4e-12
TRINITY_DN69994_c0_g1_i1
XP_027046097.1
1.8e-64
256.1
TRINITY_DN70004_c0_g1_i1
CAE7726423.1
57.7
2.3e-10
TRINITY_DN70006_c0_g1_i1
XP_020603834.1
48.1
528
1.1e-07
67.8
354
TRINITY_DN70007_c0_g1_i1
CAE7040962.1
280
1.7e-46
TRINITY_DN70009_c0_g1_i1
5.5e-53
218.0
TRINITY_DN70013_c0_g1_i1
CAE7836063.1
3.6e-41
178.7
TRINITY_DN70020_c0_g1_i1
4.8e-24
121.3
TRINITY_DN70023_c0_g1_i1
1.7e-35
TRINITY_DN70036_c0_g1_i1
XP_027045664.1
1.1e-88
336.7
TRINITY_DN70038_c0_g1_i1
CAE7650991.1
1075
6.2e-61
245.0
4249
TRINITY_DN70039_c0_g1_i1
2.2e-53
219.5
TRINITY_DN70067_c0_g1_i1
XP_022805547.1
85.0
2.4e-58
TRINITY_DN70068_c0_g1_i1
XP_027041977.1
1395
1.4e-247
866.7
2026
TRINITY_DN70072_c0_g1_i1
CAE6964346.1
739
1424.1
2551
TRINITY_DN70077_c0_g1_i1
2.8e-71
279.3
TRINITY_DN70081_c0_g1_i1
CAE7792486.1
8.2e-87
331.6
TRINITY_DN70084_c0_g1_i1
CAE7423308.1
87.9
1013
3208
1021
1773.4
3265
TRINITY_DN70085_c0_g1_i1
96.1
6.0e-31
146.0
993
TRINITY_DN70088_c0_g1_i1
CAE7383913.1
5.0e-308
1067.4
1925
TRINITY_DN70090_c0_g1_i1
XP_027047635.1
1260
4392
2500.7
5247
TRINITY_DN70095_c0_g1_i1
XP_027055516.1
1536
6.9e-231
811.2
2066
TRINITY_DN70098_c0_g1_i1
XP_027037078.1
943
4.5e-170
608.2
TRINITY_DN70102_c0_g1_i1
2.3e-177
632.9
1424
TRINITY_DN70103_c0_g1_i1
XP_027039567.1
1521
4718
2970.3
5593
TRINITY_DN70108_c0_g1_i1
XP_027045248.1
5.4e-68
TRINITY_DN70110_c0_g1_i1
XP_020619631.1
7.5e-67
265.8
1437
TRINITY_DN70111_c0_g1_i1
CAE7706104.1
1597
1.2e-294
1022.7
1714
TRINITY_DN70113_c0_g1_i1
2128
1250.3
2256
TRINITY_DN70118_c0_g1_i1
XP_027041083.1
3.6e-100
376.3
TRINITY_DN70120_c0_g1_i1
CAE7210069.1
6.7e-24
122.1
TRINITY_DN70137_c0_g1_i1
992
3.1e-142
515.8
1071
TRINITY_DN70138_c0_g1_i1
CAE7657848.1
964
1.1e-157
567.0
TRINITY_DN70140_c0_g1_i1
XP_020629341.1
82.9
547
2.4e-64
991
TRINITY_DN70141_c0_g1_i1
XP_027038866.1
2322
3609
TRINITY_DN70143_c0_g1_i1
CAE7777989.1
87
1.3e-56
231.5
TRINITY_DN70147_c0_g1_i1
CAE7556182.1
1948
1142.5
2185
718
TRINITY_DN70153_c0_g1_i1
CAE7491026.1
1892
8.8e-298
1033.5
2136
TRINITY_DN70159_c0_g1_i1
CAE7441726.1
1599
7.9e-251
877.1
TRINITY_DN70161_c0_g1_i1
CAE7219903.1
94.7
1.9e-100
TRINITY_DN70162_c0_g1_i1
CAE6951494.1
860
2608
2424
1755.0
2916
TRINITY_DN70165_c0_g1_i1
CAE7732322.1
2241
6681
3266
4199.8
6714
3302
TRINITY_DN70170_c0_g1_i1
XP_027060213.1
1969
1181.8
2380
TRINITY_DN70172_c0_g1_i1
CAE7945028.1
508
1524
1004
3.2e-287
998.0
1682
TRINITY_DN70177_c0_g1_i1
CAE7520401.1
92.2
2.1e-243
1608
961
TRINITY_DN70190_c0_g1_i1
698
482.3
930
1652
TRINITY_DN70191_c0_g1_i1
CAE7517758.1
1204.9
2105
TRINITY_DN70192_c0_g1_i1
1049
3149
1254
2034.2
3368
TRINITY_DN70196_c0_g1_i1
1695
5116
3189.4
5290
TRINITY_DN70199_c0_g1_i1
XP_027035817.1
1.3e-176
630.6
1645
3100
TRINITY_DN70201_c0_g1_i1
1.1e-214
756.5
1176
TRINITY_DN70202_c0_g1_i1
9.0e-45
191.8
947
TRINITY_DN70210_c0_g1_i1
CAE7169244.1
1099
3297
1211
2179.1
3477
TRINITY_DN70213_c0_g1_i1
CAE7867293.1
1255
1.9e-239
839.0
TRINITY_DN70216_c0_g1_i1
CAE7890390.1
606
1861
2.1e-285
992.3
1958
TRINITY_DN70218_c0_g1_i1
4.0e-48
2019
TRINITY_DN70222_c0_g1_i1
CAE7883044.1
2789
1726.5
2838
TRINITY_DN70228_c0_g1_i1
6.1e-144
521.5
1165
TRINITY_DN70230_c0_g1_i1
5.6e-123
451.4
828
1415
TRINITY_DN70231_c0_g1_i1
CAE7683987.1
81.5
658
2717
1282
1939
1164.8
2845
TRINITY_DN70233_c0_g1_i1
CAE7246575.1
91.7
589
1811
6.4e-306
1060.4
2020
TRINITY_DN70234_c0_g1_i1
CAE7407315.1
40.9
1646
2155
5.1e-270
941.4
2389
2092
TRINITY_DN70237_c0_g1_i1
XP_027036431.1
1422
4.4e-261
911.0
1423
TRINITY_DN70240_c0_g1_i1
2379
1323.9
2487
1952
TRINITY_DN70243_c0_g1_i1
XP_027052360.1
1110
3330
1112
2144.4
3429
TRINITY_DN70251_c0_g1_i1
7.1e-215
757.3
1249
TRINITY_DN70253_c0_g1_i1
CAE7932819.1
5.7e-113
418.3
TRINITY_DN70256_c0_g1_i1
CAE7223382.1
1313
615
4553
2560.4
4597
TRINITY_DN70257_c0_g1_i1
XP_027054410.1
97.3
1094
1.6e-177
633.3
TRINITY_DN70258_c0_g1_i1
392
4.5e-67
264.6
TRINITY_DN70260_c0_g1_i1
CAE7940664.1
60.5
1598
9.6e-250
873.6
1751
TRINITY_DN70263_c0_g1_i1
XP_027056208.1
3.7e-96
362.1
TRINITY_DN70264_c0_g1_i1
XP_027037792.1
1678
5177
3283.4
5489
TRINITY_DN70266_c0_g1_i1
CAE8631082.1
60.0
2.9e-134
489.6
TRINITY_DN70271_c0_g1_i1
463
1391
1.1e-246
863.2
1449
TRINITY_DN70285_c0_g1_i1
CAE8711473.1
56.1
2.6e-39
TRINITY_DN70290_c0_g1_i1
CAE6942521.1
1747
3.5e-292
1014.6
TRINITY_DN70294_c0_g1_i1
CAE7526901.1
1517
4629
1827
2938.7
4703
TRINITY_DN70303_c0_g1_i1
CAE7849362.1
1474
2.3e-249
872.1
1475
TRINITY_DN70304_c0_g1_i1
CAE7798000.1
97.4
949
2.2e-174
622.5
1432
TRINITY_DN70309_c0_g1_i1
CAE7658831.1
2004
1083.2
2029
TRINITY_DN70311_c0_g1_i1
XP_027039565.1
1586
6.6e-281
977.2
1891
TRINITY_DN70313_c0_g1_i1
80.0
2.2e-07
621
TRINITY_DN70318_c0_g1_i1
XP_027039251.1
1857
4.2e-255
892.1
2804
TRINITY_DN70320_c0_g1_i1
80.6
2.3e-32
149.4
TRINITY_DN70325_c0_g1_i1
CAE7241432.1
769
2308
1475.7
2471
TRINITY_DN70326_c0_g1_i1
2186
650
1376
1153.7
2307
TRINITY_DN70338_c0_g1_i1
CAE7743776.1
2.7e-130
475.7
TRINITY_DN70339_c0_g1_i1
CAE7254519.1
2.4e-74
290.0
TRINITY_DN70343_c0_g1_i1
CAE7754004.1
88.9
1.1e-145
1159
TRINITY_DN70344_c0_g1_i1
4.3e-07
65.9
TRINITY_DN70346_c0_g1_i1
821
2511
1795
1480.7
2604
TRINITY_DN70349_c0_g1_i1
CAE7456588.1
758
1.3e-140
510.0
TRINITY_DN70350_c0_g1_i1
CAE7949415.1
5.6e-281
1601
822
TRINITY_DN70351_c0_g1_i1
XP_027054867.1
1.9e-30
142.9
TRINITY_DN70353_c0_g1_i1
893
1154.0
1887
TRINITY_DN70359_c0_g1_i1
XP_027048219.1
96.2
1304
1.7e-220
776.9
2423
TRINITY_DN70363_c0_g1_i1
989
3.6e-187
665.2
542
TRINITY_DN70366_c0_g1_i1
CAE7197198.1
2985
1190.6
3087
TRINITY_DN70367_c0_g1_i1
CAE7629241.1
2.5e-218
768.8
TRINITY_DN70369_c0_g1_i1
1.4e-198
703.4
TRINITY_DN70373_c0_g1_i1
CAE7884455.1
1405
6.0e-282
980.3
1452
TRINITY_DN70375_c0_g1_i1
XP_027037953.1
1.3e-146
530.8
1447
TRINITY_DN70377_c0_g1_i1
CAE6956548.1
1547
6.9e-272
947.2
1769
TRINITY_DN70379_c0_g1_i1
XP_027039815.1
9.0e-108
402.1
1934
TRINITY_DN70383_c0_g1_i1
CAE7799416.1
2991
1874.4
3074
1628
TRINITY_DN70386_c0_g1_i1
1225
1325
5.5e-44
189.1
TRINITY_DN70393_c0_g1_i1
XP_027052026.1
832
4.1e-143
1572
TRINITY_DN70395_c0_g1_i1
XP_027040548.1
1365.1
2865
TRINITY_DN70396_c0_g1_i1
1741
1.6e-268
936.4
2334
TRINITY_DN70397_c0_g1_i1
CAE7509382.1
5.7e-255
891.0
1725
TRINITY_DN70405_c0_g1_i1
XP_027036915.1
2064
3.6e-253
885.6
TRINITY_DN70413_c0_g1_i1
XP_027047043.1
5.1e-153
551.2
827
TRINITY_DN70418_c0_g1_i1
CAE7316513.1
2740
1688.3
1298
TRINITY_DN70425_c0_g1_i1
XP_027041939.1
2.1e-98
369.4
TRINITY_DN70427_c0_g1_i1
XP_027041746.1
1247
2.1e-173
620.2
1890
TRINITY_DN70428_c0_g1_i1
1916
1198.0
1920
TRINITY_DN70431_c0_g1_i1
CAE7210551.1
2529
1653.6
3127
TRINITY_DN70436_c0_g1_i1
XP_027036818.1
2.9e-73
287.0
1338
TRINITY_DN70440_c0_g1_i1
XP_022809687.1
1148.7
1757
TRINITY_DN70443_c0_g1_i1
CAE7661637.1
2938
1826.6
2984
TRINITY_DN70445_c0_g1_i1
XP_027037257.1
1.7e-127
466.5
TRINITY_DN70446_c0_g1_i1
2320
1.5e-63
253.4
554
TRINITY_DN70451_c0_g1_i1
CAE7027570.1
1.8e-171
1055
TRINITY_DN70460_c0_g1_i1
602
2071
2.5e-287
998.8
2257
TRINITY_DN70462_c0_g1_i1
CAE8729069.1
1.4e-121
446.8
TRINITY_DN70463_c0_g1_i1
9.4e-183
650.6
TRINITY_DN70466_c0_g1_i1
CAE7433307.1
1817
1174.1
2031
TRINITY_DN70467_c0_g1_i1
XP_027056918.1
2.7e-145
1636
TRINITY_DN70480_c0_g1_i1
CAE7764273.1
1444
4367
2730.3
4421
TRINITY_DN70481_c0_g1_i1
XP_027039995.1
1039
600.5
2706
TRINITY_DN70487_c0_g1_i1
1458
1390
4.7e-215
758.4
1425
TRINITY_DN70490_c0_g1_i1
CAE7644481.1
998
2.9e-167
TRINITY_DN70496_c0_g1_i1
XP_027047767.1
6.5e-57
232.3
TRINITY_DN70498_c0_g1_i1
2.4e-279
971.8
1649
574
TRINITY_DN70510_c0_g1_i1
58.5
1089
7.5e-73
285.8
1550
TRINITY_DN70514_c0_g1_i1
CAE7899549.1
2.4e-109
406.8
1245
TRINITY_DN70516_c0_g1_i1
CAE8723019.1
55.9
2122
2.0e-180
643.7
2212
TRINITY_DN70525_c0_g1_i1
XP_027040602.1
92.4
4796
2893.2
5075
TRINITY_DN70536_c0_g1_i1
CAE7720886.1
801
2460
1552.7
2616
820
TRINITY_DN70537_c0_g1_i1
XP_027054053.1
6.4e-212
748.4
2411
TRINITY_DN70539_c0_g1_i1
CAE7836651.1
1202
1.6e-240
842.8
904
TRINITY_DN70548_c0_g1_i1
1762
1196.4
2156
TRINITY_DN70556_c0_g1_i1
XP_027054006.1
2343
1551.2
2597
TRINITY_DN70557_c0_g1_i1
CAE8649691.1
3648
4625
2.4e-113
422.2
5530
TRINITY_DN70566_c0_g1_i1
CAE7525441.1
830
2492
879
1708
1532.3
2621
TRINITY_DN70569_c0_g1_i1
XP_027035988.1
1161
6.2e-213
750.7
1162
TRINITY_DN70571_c0_g1_i1
CAE7853431.1
2.5e-97
365.9
675
TRINITY_DN70582_c0_g1_i1
XP_027054547.1
1.5e-71
280.8
TRINITY_DN70583_c0_g1_i1
CAE7791981.1
1027
1.3e-178
636.7
1128
TRINITY_DN70586_c0_g1_i1
CAE7566779.1
4.1e-115
425.2
TRINITY_DN70587_c0_g1_i1
CAE7198624.1
3.3e-211
745.3
TRINITY_DN70590_c0_g1_i1
XP_027047377.1
1529
2.3e-267
932.2
TRINITY_DN70592_c0_g1_i1
XP_027048455.1
2961
1810.4
3635
TRINITY_DN70596_c0_g1_i1
XP_027037562.1
3115
1719.5
3349
TRINITY_DN70597_c0_g1_i1
XP_027055149.1
6.8e-136
495.0
TRINITY_DN70602_c0_g1_i1
XP_027036274.1
1749
4.5e-302
1047.7
2117
TRINITY_DN70605_c0_g1_i1
CAE7882993.1
1167
1.9e-193
686.0
TRINITY_DN70607_c0_g1_i1
CAE7029576.1
93.1
2272
1651
1414.8
2273
1653
TRINITY_DN70619_c0_g1_i1
CAE7732910.1
1016
1041
4088
2161.0
4226
TRINITY_DN70620_c0_g1_i1
3032
3168
1.3e-25
768
3173
TRINITY_DN70621_c0_g1_i1
CAE7315733.1
652
1264.6
2209
TRINITY_DN70624_c0_g1_i1
CAE7876286.1
3.2e-191
679.1
1629
TRINITY_DN70627_c0_g1_i1
XP_027052748.1
1699
1.1e-297
2545
TRINITY_DN70628_c0_g1_i1
XP_027044686.1
2229
1387.1
TRINITY_DN70632_c0_g1_i1
XP_027037883.1
2994
1763.0
3931
1102
TRINITY_DN70638_c0_g1_i1
CAE7924101.1
666
2054
1361
1241.5
2119
6720
TRINITY_DN70655_c0_g1_i1
1.0e-143
520.4
862
TRINITY_DN70658_c0_g1_i1
2.7e-152
549.7
TRINITY_DN70659_c0_g1_i1
XP_027057847.1
1862
6.9e-309
TRINITY_DN70671_c0_g1_i1
XP_027057534.1
670
2191
8.9e-235
824.7
3069
TRINITY_DN70675_c0_g1_i1
CAE7034687.1
9.9e-97
364.0
705
TRINITY_DN70679_c0_g1_i1
CAE7555660.1
3391
1812.3
3541
1578
TRINITY_DN70684_c0_g1_i1
82.8
1.3e-30
144.8
997
TRINITY_DN70689_c0_g1_i1
2265
960
1298.9
2329
TRINITY_DN70693_c0_g1_i1
5.8e-95
358.2
TRINITY_DN70702_c0_g1_i1
1.9e-49
207.2
873
TRINITY_DN70703_c0_g1_i1
2472
1535.0
2565
TRINITY_DN70705_c0_g1_i1
CAE7505471.1
3194
1514
1560.8
3953
1935
TRINITY_DN70708_c0_g1_i1
CAE7943193.1
1302
2.4e-235
825.5
1389
TRINITY_DN70714_c0_g1_i1
CAE7883836.1
1189
1477
4.5e-94
2193
TRINITY_DN70716_c0_g1_i1
3226
2122.8
3464
TRINITY_DN70719_c0_g1_i1
CAE7939686.1
1808
1048
5.0e-290
1007.7
TRINITY_DN70721_c0_g1_i1
CAE7189234.1
4.1e-53
218.4
TRINITY_DN70722_c0_g1_i1
XP_027053309.1
2.1e-52
TRINITY_DN70723_c0_g1_i1
1438
7.9e-253
883.6
TRINITY_DN70726_c0_g1_i1
CAE7674208.1
376
189.5
TRINITY_DN70728_c0_g1_i1
CAE7221382.1
4757
2140.2
4978
TRINITY_DN70733_c0_g1_i1
5.2e-82
315.1
TRINITY_DN70735_c0_g1_i1
CAE7278594.1
646
1950
1265.4
2217
TRINITY_DN70737_c0_g1_i1
CAE7788909.1
1.3e-187
666.8
TRINITY_DN70740_c0_g1_i1
CAE7804733.1
4.2e-189
671.8
TRINITY_DN70753_c0_g1_i1
CAE7223693.1
1.1e-307
1066.2
1945
TRINITY_DN70756_c0_g1_i1
CAE7782112.1
7.0e-87
331.3
697
TRINITY_DN70761_c0_g1_i1
XP_027047189.1
1.4e-37
TRINITY_DN70784_c0_g1_i1
CAE7523987.1
1322
4.5e-253
884.4
1460
TRINITY_DN70785_c0_g1_i1
CAE7383888.1
757
1676
525.8
1763
TRINITY_DN70787_c0_g1_i1
2.6e-169
606.3
TRINITY_DN70791_c0_g1_i1
CAE7869188.1
4.5e-120
441.8
TRINITY_DN70794_c0_g1_i1
XP_027038718.1
2.6e-87
333.2
TRINITY_DN70796_c0_g1_i1
XP_027059639.1
6.6e-119
437.6
664
TRINITY_DN70797_c0_g1_i1
CAE7510219.1
87.2
3262
3.3e-288
1002.3
3263
TRINITY_DN70804_c0_g1_i1
1700
1137.5
TRINITY_DN70806_c0_g1_i1
CAE7290834.1
669
2021
1326.6
2230
TRINITY_DN70808_c0_g1_i1
XP_022792579.1
81.0
2.0e-76
559
TRINITY_DN70812_c0_g1_i1
CAE7241262.1
2085
1296.6
2096
TRINITY_DN70814_c0_g1_i1
XP_027042881.1
419.1
TRINITY_DN70815_c0_g1_i1
XP_027051377.1
2.5e-172
616.7
2050
TRINITY_DN70817_c0_g1_i1
XP_027041576.1
1.2e-125
461.8
2451
TRINITY_DN70822_c0_g1_i1
CAE7941946.1
6.1e-94
354.8
TRINITY_DN70831_c0_g1_i1
2061
1005
1291.6
TRINITY_DN70838_c0_g1_i1
2002
4611
1528
1702.2
4753
TRINITY_DN70841_c0_g1_i1
XP_027058873.1
5.1e-106
395.2
895
TRINITY_DN70843_c0_g1_i1
XP_027042299.1
1650.6
TRINITY_DN70846_c0_g1_i1
CAE7781789.1
71.9
2051
1186.8
TRINITY_DN70847_c0_g1_i1
CAE7528050.1
1.7e-171
1003
1226
TRINITY_DN70849_c0_g1_i1
7.4e-66
260.8
TRINITY_DN70860_c0_g1_i1
CAE7684853.1
2.6e-158
568.9
TRINITY_DN70865_c0_g1_i1
CAE7533310.1
1775
4.2e-267
931.4
1893
TRINITY_DN70867_c0_g1_i1
CAE7557219.1
2754
1781.9
2771
TRINITY_DN70880_c0_g1_i1
5.4e-136
1019
TRINITY_DN70882_c0_g1_i1
CAE7255857.1
2686
1557.3
2773
TRINITY_DN70888_c0_g1_i1
1285
3856
2039
2602.8
4153
TRINITY_DN70895_c0_g1_i1
CAE7333709.1
3897
2238.8
3964
TRINITY_DN70909_c0_g1_i1
CAE7646218.1
1632
836
1360
1.8e-307
1065.4
1853
TRINITY_DN70914_c0_g1_i1
XP_027048965.1
3.6e-120
442.6
1157
TRINITY_DN70915_c0_g1_i1
CAE7898367.1
3503
3934
1.8e-68
272.7
4124
TRINITY_DN70919_c0_g1_i1
CAE6909827.1
2058
6.6e-249
871.3
2422
TRINITY_DN70921_c0_g1_i1
1213
1.2e-58
236.5
1570
TRINITY_DN70927_c0_g1_i1
CAE7650994.1
186
2.3e-100
375.9
TRINITY_DN70954_c0_g1_i1
CAE7843396.1
2135
1.1e-259
906.4
2264
TRINITY_DN70955_c0_g1_i1
939
1.1e-110
1143
TRINITY_DN70956_c0_g1_i1
1060
5.5e-149
1217
TRINITY_DN70958_c0_g1_i1
XP_027041877.1
2.7e-126
462.6
TRINITY_DN70965_c0_g1_i1
266.2
TRINITY_DN70971_c0_g1_i1
XP_027057813.1
1141
5.7e-193
684.9
1595
TRINITY_DN70979_c0_g1_i1
XP_027043026.1
1093
1.7e-188
669.8
1416
TRINITY_DN70980_c0_g1_i1
XP_027041742.1
4.2e-207
732.3
2115
TRINITY_DN70985_c0_g1_i1
XP_027042734.1
1.5e-79
306.6
TRINITY_DN70990_c0_g1_i1
CAE7237966.1
2.6e-125
459.1
TRINITY_DN70991_c0_g1_i1
XP_027040613.1
9.6e-122
447.6
TRINITY_DN70993_c0_g1_i1
CAE7945283.1
957
5.6e-173
617.8
TRINITY_DN70996_c0_g1_i1
CAE7239828.1
1556
7.3e-276
960.3
1638
TRINITY_DN70999_c0_g1_i1
CAE7716856.1
1659
2.0e-308
1068.5
1719
TRINITY_DN71010_c0_g1_i1
XP_027055114.1
1531
2.3e-245
859.4
2178
TRINITY_DN71013_c0_g1_i1
69.4
1992
1555
6.2e-161
578.9
1609
TRINITY_DN71015_c0_g1_i1
CAE7246669.1
6.4e-176
627.9
TRINITY_DN71019_c0_g1_i1
1.3e-11
694
TRINITY_DN71020_c0_g1_i1
924
4.4e-200
708.0
1987
TRINITY_DN71021_c0_g1_i1
XP_027036802.1
966
3.8e-164
TRINITY_DN71025_c0_g1_i1
CAE8586368.1
62.3
1.4e-236
830.9
3456
TRINITY_DN71026_c0_g1_i1
XP_027056620.1
3.0e-57
233.4
1029
TRINITY_DN71033_c0_g1_i1
CAE7626821.1
1446
1.4e-261
912.9
1672
1307
TRINITY_DN71039_c0_g1_i1
XP_027047643.1
889
2787
1796.6
3417
TRINITY_DN71040_c0_g1_i1
67.7
TRINITY_DN71051_c0_g1_i1
95.6
4.4e-106
776
TRINITY_DN71053_c0_g1_i1
CAE7477002.1
1080.9
1816
TRINITY_DN71058_c0_g1_i1
CAE7562953.1
1032
1146
1.8e-189
672.9
TRINITY_DN71061_c0_g1_i1
CAE7871474.1
583
2179
3.6e-276
961.8
2344
TRINITY_DN71065_c0_g1_i1
CAE7337026.1
2638
1291.2
5024
TRINITY_DN71068_c0_g1_i1
XP_022779244.1
1.8e-126
TRINITY_DN71079_c0_g1_i1
CAE7493453.1
9.9e-59
238.4
TRINITY_DN71082_c0_g1_i1
722.6
1522
TRINITY_DN71096_c0_g1_i1
XP_029181308.1
89.3
2.9e-48
TRINITY_DN71108_c0_g1_i1
3181
1637
1959.9
3258
TRINITY_DN71109_c0_g1_i1
XP_029180816.1
37.9
1072
86.3
1080
TRINITY_DN71112_c0_g1_i1
3124
1956.4
3571
TRINITY_DN71114_c0_g1_i1
XP_027057508.1
1308
1.2e-250
876.3
TRINITY_DN71118_c0_g1_i1
CAE7732353.1
2169
1187.9
2213
1471
TRINITY_DN71123_c0_g1_i1
1314.3
1994
TRINITY_DN71127_c0_g1_i1
XP_027055298.1
1117.4
1911
TRINITY_DN71131_c0_g1_i1
2337
1508.4
2410
TRINITY_DN71132_c0_g1_i1
CAE7436903.1
69.1
1777
839
1.2e-218
770.4
1871
TRINITY_DN71139_c0_g1_i1
XP_027041192.1
217
2166
2.3e-238
836.6
3048
TRINITY_DN71146_c0_g1_i1
CAE7197334.1
67.2
1.9e-35
TRINITY_DN71150_c0_g1_i1
CAE7846037.1
397
2.3e-228
802.4
1488
TRINITY_DN71167_c0_g1_i1
75.5
396
1661
2.7e-165
1895
TRINITY_DN71169_c0_g1_i1
CAE7950020.1
869
2626
1687.2
2821
TRINITY_DN71179_c0_g1_i1
1327
1.4e-249
872.8
1494
TRINITY_DN71188_c0_g1_i1
XP_022804112.1
80.7
370.2
TRINITY_DN71190_c0_g1_i1
2401
TRINITY_DN71193_c0_g1_i1
XP_027056318.1
268
2.3e-151
546.2
1163
TRINITY_DN71200_c0_g1_i1
34.3
1.4e-25
1803
TRINITY_DN71202_c0_g1_i1
CAE7435076.1
1130.5
2094
TRINITY_DN71211_c0_g1_i1
XP_027053306.1
3.2e-124
TRINITY_DN71215_c0_g1_i1
XP_027043717.1
2.2e-135
492.7
TRINITY_DN71216_c0_g1_i1
XP_027057686.1
87.0
5.5e-12
TRINITY_DN71222_c0_g1_i1
XP_027038574.1
1310
4.2e-204
2081
TRINITY_DN71227_c0_g1_i1
CAE7338839.1
56.0
1242
2481
7.9e-280
974.2
2641
TRINITY_DN71228_c0_g1_i1
XP_027060457.1
1.3e-145
526.9
TRINITY_DN71230_c0_g1_i1
CAE7631383.1
93.6
1793
1109.4
1841
1931
TRINITY_DN71231_c0_g1_i1
CAE7241808.1
1462
3.2e-236
828.6
1583
TRINITY_DN71235_c0_g1_i1
CAE7944038.1
8.9e-37
TRINITY_DN71236_c0_g1_i1
6.6e-302
1047.3
2404
TRINITY_DN71240_c0_g1_i1
XP_027045754.1
1.0e-213
753.4
TRINITY_DN71246_c0_g1_i1
CAE7943335.1
2.6e-109
406.4
1043
TRINITY_DN71248_c0_g1_i1
XP_027053770.1
6.9e-61
TRINITY_DN71249_c0_g1_i1
CAE7334423.1
502
1507
4.0e-276
961.1
1534
TRINITY_DN71252_c0_g1_i1
XP_027038522.1
1090
3401
1857.0
4171
TRINITY_DN71253_c0_g1_i1
CAE7797771.1
73.4
2914
1823.5
2948
TRINITY_DN71257_c0_g1_i1
2982
3905
4878
1487.6
3225
TRINITY_DN71259_c0_g1_i1
CAE7681414.1
1523
736
7.4e-289
1003.4
TRINITY_DN71272_c0_g1_i1
1.3e-78
303.5
595
TRINITY_DN71296_c0_g1_i1
7.6e-74
891
TRINITY_DN71306_c0_g1_i1
CAE7207370.1
1.0e-183
653.7
1136
TRINITY_DN71309_c0_g1_i1
1.9e-150
543.5
TRINITY_DN71315_c0_g1_i1
4.5e-147
531.6
TRINITY_DN71318_c0_g1_i1
6.5e-59
TRINITY_DN71323_c0_g1_i1
XP_027049671.1
1.1e-175
626.7
TRINITY_DN71328_c0_g1_i1
XP_027046236.1
2009
2.7e-251
879.4
2710
TRINITY_DN71329_c0_g1_i1
CAE7559768.1
1.4e-138
503.4
TRINITY_DN71330_c0_g1_i1
CAE7367806.1
74.2
473
1554
1.1e-202
717.2
1643
TRINITY_DN71334_c0_g1_i1
XP_027037375.1
9.3e-167
597.8
TRINITY_DN71340_c0_g1_i1
XP_027058666.1
1.3e-181
647.9
2651
TRINITY_DN71349_c0_g1_i1
XP_027038144.1
2456
1542.7
2475
TRINITY_DN71355_c0_g1_i1
1469
4448
2914.4
4838
TRINITY_DN71360_c0_g1_i1
91.6
8.1e-73
TRINITY_DN71363_c0_g1_i1
XP_027040742.1
179
1.4e-95
361.3
1535
TRINITY_DN71369_c0_g1_i1
2.6e-281
978.4
TRINITY_DN71371_c0_g1_i1
CAE7869953.1
2347
1396.3
2353
TRINITY_DN71375_c0_g1_i1
CAE6912524.1
1.3e-209
740.0
TRINITY_DN71376_c0_g1_i1
CAE7869878.1
7.5e-231
810.4
TRINITY_DN71377_c0_g1_i1
XP_027046889.1
1537
4.2e-287
TRINITY_DN71380_c0_g1_i1
2077
1320.4
2183
TRINITY_DN71382_c0_g1_i1
CAE7535490.1
1.6e-109
407.1
2974
TRINITY_DN71390_c0_g1_i1
XP_027053636.1
4923
2649.0
5770
TRINITY_DN71391_c0_g1_i1
CAE7602442.1
75.8
5.1e-27
131.3
TRINITY_DN71400_c0_g1_i1
89.2
1236
6.4e-227
797.3
1294
TRINITY_DN71405_c0_g1_i1
XP_027049237.1
3.5e-97
366.3
1239
TRINITY_DN71410_c0_g1_i1
XP_027039203.1
4.4e-163
585.1
TRINITY_DN71412_c0_g1_i1
CAE7219415.1
74.3
1.9e-83
320.1
TRINITY_DN71414_c0_g1_i1
79.3
5.7e-224
788.1
1875
TRINITY_DN71422_c0_g1_i1
CAE7938788.1
4.3e-273
951.0
1594
TRINITY_DN71426_c0_g1_i1
XP_027036319.1
1737
1.2e-262
916.8
2072
TRINITY_DN71428_c0_g1_i1
1.2e-184
656.8
TRINITY_DN71437_c0_g1_i1
318
2.0e-177
1204
TRINITY_DN71439_c0_g1_i1
CAE7604105.1
95.8
3.3e-55
TRINITY_DN71444_c0_g1_i1
CAE7942866.1
1495
3.9e-269
937.9
1656
TRINITY_DN71452_c0_g1_i1
XP_027049149.1
5.0e-298
1034.2
2073
TRINITY_DN71459_c0_g1_i1
2.8e-174
1266
1748
TRINITY_DN71460_c0_g1_i1
67.6
3130
1553
1947.9
3219
TRINITY_DN71462_c0_g1_i1
CAE7712951.1
91.2
1954
1131.3
1959
TRINITY_DN71463_c0_g1_i1
XP_027039626.1
1234
5.2e-161
1435
TRINITY_DN71466_c0_g1_i1
CAE7844530.1
1.7e-228
802.7
TRINITY_DN71478_c0_g1_i1
8.0e-125
457.6
TRINITY_DN71480_c0_g1_i1
CAE6923320.1
1.4e-179
640.2
1362
TRINITY_DN71489_c0_g1_i1
CAE7939723.1
5.2e-233
817.8
1465
TRINITY_DN71490_c0_g1_i1
87.3
2.9e-150
542.3
TRINITY_DN71499_c0_g1_i1
6J3Y_11
84.9
648
2.5e-94
TRINITY_DN71501_c0_g1_i1
CAE7485000.1
632
853
1.3e-116
430.3
TRINITY_DN71508_c0_g1_i1
421
3.7e-238
834.7
1328
TRINITY_DN71510_c0_g1_i1
XP_027037973.1
2.8e-127
466.1
TRINITY_DN71515_c0_g1_i1
2.0e-07
TRINITY_DN71522_c0_g1_i1
CAE7501000.1
TRINITY_DN71530_c0_g1_i1
XP_027046394.1
1.0e-81
315.5
1773
TRINITY_DN71531_c0_g1_i1
XP_022787075.1
2413
5.1e-297
1031.2
2510
TRINITY_DN71534_c0_g1_i1
XP_027047111.1
1.3e-153
553.9
TRINITY_DN71540_c0_g1_i1
XP_029184090.1
96.9
1008
1138
1.9e-68
269.2
TRINITY_DN71562_c0_g1_i1
2.2e-260
909.1
1834
2392
TRINITY_DN71566_c0_g1_i1
1135.2
1940
TRINITY_DN71572_c0_g1_i1
CAE7236488.1
1.1e-129
474.2
1131
TRINITY_DN71576_c0_g1_i1
XP_027060478.1
1786
1129.0
2175
TRINITY_DN71577_c0_g1_i1
2.4e-180
642.5
TRINITY_DN71581_c0_g1_i1
1.8e-167
TRINITY_DN71583_c0_g1_i1
CAE7288282.1
1953
5833
2922.9
6232
2738
TRINITY_DN71586_c0_g1_i1
CAE7581243.1
1500
4442
2208.3
4561
1539
TRINITY_DN71587_c0_g1_i1
XP_027048795.1
1.2e-227
800.4
2086
TRINITY_DN71595_c0_g1_i1
1687
3.1e-293
1018.1
TRINITY_DN71597_c0_g1_i1
XP_027045145.1
2.2e-24
122.9
TRINITY_DN71600_c0_g1_i1
773
4.5e-144
TRINITY_DN71601_c0_g1_i1
3.2e-275
958.0
TRINITY_DN71603_c0_g1_i1
CAE7249759.1
4.3e-233
818.1
TRINITY_DN71606_c0_g1_i1
TRINITY_DN71608_c0_g1_i1
CAE7943053.1
1256
2.3e-217
765.8
TRINITY_DN71610_c0_g1_i1
1876
2367
5.2e-282
981.1
2130
TRINITY_DN71613_c0_g1_i1
XP_027044405.1
1674
1102.8
2268
TRINITY_DN71616_c0_g1_i1
CAE7875986.1
91.5
2.1e-223
785.8
TRINITY_DN71618_c0_g1_i1
CAE7227929.1
6.9e-302
1047.0
1903
TRINITY_DN71621_c0_g1_i1
CAE7929223.1
3.7e-180
641.7
1056
TRINITY_DN71630_c0_g1_i1
CAE7037019.1
1103.6
TRINITY_DN71632_c0_g1_i1
XP_027041146.1
1445
7.0e-253
2259
TRINITY_DN71633_c0_g1_i1
XP_027039809.1
2154
1436.0
2216
TRINITY_DN71640_c0_g1_i1
64.2
407
159.8
TRINITY_DN71641_c0_g1_i1
CAE7949487.1
2.9e-09
TRINITY_DN71652_c0_g1_i1
XP_002181593.1
6.0e-231
810.8
1368
TRINITY_DN71655_c0_g1_i1
CAE7225166.1
1332
1.6e-246
862.8
1648
TRINITY_DN71656_c0_g1_i1
1150
1.3e-184
1261
TRINITY_DN71657_c0_g1_i1
TRINITY_DN71661_c0_g1_i1
XP_027055889.1
5.3e-174
621.3
TRINITY_DN71667_c0_g1_i1
9.0e-48
201.4
TRINITY_DN71675_c0_g1_i1
CAE7495091.1
2192
TRINITY_DN71679_c0_g1_i1
XP_027054372.1
TRINITY_DN71680_c0_g1_i1
XP_027055519.1
9.4e-208
734.2
1821
TRINITY_DN71681_c0_g1_i1
XP_027045958.1
6.2e-55
TRINITY_DN71704_c0_g1_i1
CAE7895526.1
1.8e-210
743.0
TRINITY_DN71709_c0_g1_i1
72.6
2.2e-26
129.4
TRINITY_DN71716_c0_g1_i1
CAE7804805.1
7.3e-221
777.7
TRINITY_DN71717_c0_g1_i1
XP_027040566.1
518
4.9e-80
308.5
TRINITY_DN71724_c0_g1_i1
CAE7154658.1
9.9e-105
391.0
TRINITY_DN71732_c0_g1_i1
3450
1530
1918.3
1791
TRINITY_DN71742_c0_g1_i1
CAE7651997.1
1.0e-83
321.2
TRINITY_DN71743_c0_g1_i1
KAG7345530.1
1897
1109.7
1899
TRINITY_DN71748_c0_g1_i1
CAE7938079.1
1241
7.4e-223
783.9
TRINITY_DN71750_c0_g1_i1
8.0e-67
264.2
TRINITY_DN71764_c0_g1_i1
1151
2.2e-205
725.7
TRINITY_DN71773_c0_g1_i1
CAE8671118.1
78.8
2501
1337.4
2625
TRINITY_DN71779_c0_g1_i1
XP_027047161.1
1378
1.3e-188
670.2
TRINITY_DN71785_c0_g1_i1
CAE7225815.1
92.5
6.1e-92
999
TRINITY_DN71792_c0_g1_i1
CAE7271971.1
3144
2082.4
3448
TRINITY_DN71795_c0_g1_i1
CAE7694251.1
1.7e-07
66.6
TRINITY_DN71796_c0_g1_i1
1340
1.3e-236
829.7
TRINITY_DN71797_c0_g1_i1
XP_027046674.1
5.4e-98
367.9
TRINITY_DN71801_c0_g1_i1
1402
4.1e-251
878.2
1837
TRINITY_DN71802_c0_g1_i1
2.4e-152
549.3
TRINITY_DN71812_c0_g1_i1
XP_027057129.1
1486.5
2761
TRINITY_DN71814_c0_g1_i1
2280
1554.7
TRINITY_DN71817_c0_g1_i1
XP_027042156.1
1.0e-87
334.0
TRINITY_DN71824_c0_g1_i1
1176.4
1746
TRINITY_DN71834_c0_g1_i1
CAE7767276.1
8.4e-208
733.8
TRINITY_DN71835_c0_g1_i1
CAE7764006.1
1.4e-205
726.5
1045
TRINITY_DN71837_c0_g1_i1
2.1e-66
263.1
TRINITY_DN71838_c0_g1_i1
CAE7373362.1
1610
1.9e-160
576.2
1051
1865
TRINITY_DN71839_c0_g1_i1
9.5e-267
929.9
1393
TRINITY_DN71847_c0_g1_i1
CAE7938806.1
5.8e-193
684.5
1546
TRINITY_DN71854_c0_g1_i1
1644
1.6e-255
892.9
TRINITY_DN71856_c0_g1_i1
CAE7856873.1
1.0e-134
490.7
1020
1047
TRINITY_DN71867_c0_g1_i1
CAE7883254.1
1363
2.8e-252
882.1
1794
TRINITY_DN71873_c0_g1_i1
746
1.2e-131
TRINITY_DN71874_c0_g1_i1
CAE7033497.1
5.3e-82
848
TRINITY_DN71881_c0_g1_i1
XP_027040530.1
2269
1211.1
3036
TRINITY_DN71885_c0_g1_i1
XP_027039987.1
6.4e-165
591.3
TRINITY_DN71887_c0_g1_i1
CAE7431685.1
2162
2.0e-172
615.9
967
TRINITY_DN71892_c0_g1_i1
CAE7703706.1
1.8e-110
TRINITY_DN71897_c0_g1_i1
CAE7227583.1
539
1654
3.4e-295
1024.6
1758
TRINITY_DN71898_c0_g1_i1
CAE7672425.1
4.9e-186
TRINITY_DN71906_c0_g1_i1
3.6e-235
825.1
TRINITY_DN71911_c0_g1_i1
CAE7803948.1
7.1e-55
1559
TRINITY_DN71915_c0_g1_i1
2.8e-60
TRINITY_DN71933_c0_g1_i1
XP_027035741.1
4.2e-93
351.7
TRINITY_DN71935_c0_g1_i1
CAE7679527.1
5.7e-60
241.9
TRINITY_DN71940_c0_g1_i1
XP_027050584.1
7.3e-193
TRINITY_DN71941_c0_g1_i1
CAE7840459.1
1222
2600
1219
1340.1
2709
TRINITY_DN71949_c0_g1_i1
XP_027051472.1
6.3e-43
TRINITY_DN71950_c0_g1_i1
CAE7228824.1
7.6e-88
335.1
TRINITY_DN71953_c0_g1_i1
XP_027043792.1
7.5e-179
637.9
1485
TRINITY_DN71954_c0_g1_i1
CAE7206551.1
2144
1278.1
2173
TRINITY_DN71955_c0_g1_i1
KXJ25307.1
46.6
6.2e-16
1918
TRINITY_DN71958_c0_g1_i1
82.4
1062
TRINITY_DN71960_c0_g1_i1
CAE7797392.1
2969
1775.8
3058
TRINITY_DN71961_c0_g1_i1
CAE7251046.1
4.1e-302
TRINITY_DN71964_c0_g1_i1
CAE7518642.1
1127
2.6e-174
1191
TRINITY_DN71969_c0_g1_i1
XP_027048529.1
1924
1105.5
TRINITY_DN71970_c0_g1_i1
2.3e-83
319.3
TRINITY_DN71975_c0_g1_i1
1144
1.5e-171
613.2
TRINITY_DN71982_c0_g1_i1
CAE7894743.1
2314
1075.5
2644
TRINITY_DN71983_c0_g1_i1
XP_027050143.1
6.0e-69
TRINITY_DN71991_c0_g1_i1
CAE7255523.1
5.5e-56
228.0
TRINITY_DN71992_c0_g1_i1
CAE7250306.1
65.7
2.6e-182
649.8
1996
TRINITY_DN71993_c0_g1_i1
CAE7335079.1
928
3.2e-139
505.8
TRINITY_DN72000_c0_g1_i1
CAE7926849.1
1.6e-248
869.4
1560
TRINITY_DN72003_c0_g1_i1
CAE7834474.1
9.7e-258
TRINITY_DN72005_c0_g1_i1
CAE7879058.1
5.4e-64
TRINITY_DN72011_c0_g1_i1
2221
1276.5
2287
TRINITY_DN72029_c0_g1_i1
XP_015776636.1
51.8
2.8e-23
119.8
609
TRINITY_DN72031_c0_g1_i1
XP_027048119.1
9.9e-169
604.7
2097
TRINITY_DN72036_c0_g1_i1
1293.9
2473
2477
TRINITY_DN72037_c0_g1_i1
CAE7037521.1
837
2842
1661.0
3056
TRINITY_DN72044_c0_g1_i1
78.3
8.2e-26
128.6
TRINITY_DN72045_c0_g1_i1
1960
1167.5
2573
TRINITY_DN72046_c0_g1_i1
4.2e-29
140.2
1262
TRINITY_DN72051_c0_g1_i1
65.5
7.2e-30
142.1
TRINITY_DN72056_c0_g1_i1
2.5e-51
213.0
TRINITY_DN72065_c0_g1_i1
1.0e-165
594.0
TRINITY_DN72067_c0_g1_i1
CAE7451656.1
2876
1749.2
2885
TRINITY_DN72074_c0_g1_i1
XP_027045131.1
1.9e-78
303.1
TRINITY_DN72076_c0_g1_i1
1.2e-55
TRINITY_DN72080_c0_g1_i1
CAE7331090.1
881
1.6e-130
477.2
1381
1669
TRINITY_DN72081_c0_g1_i1
8.2e-141
1502
TRINITY_DN72085_c0_g1_i1
CAE7413532.1
4.0e-64
TRINITY_DN72087_c0_g1_i1
XP_027053138.1
7.8e-87
330.9
TRINITY_DN72088_c0_g1_i1
CAE7479425.1
53.8
1111
2.6e-153
552.7
1206
604
TRINITY_DN72089_c0_g1_i1
44.7
7.9e-169
604.4
1281
TRINITY_DN72092_c0_g1_i1
1237
8.0e-217
763.8
TRINITY_DN72094_c0_g1_i1
1633.6
2530
TRINITY_DN72103_c0_g1_i1
CAE7632316.1
1.6e-256
896.0
1520
2946
TRINITY_DN72110_c0_g1_i1
XP_027036749.1
320.9
TRINITY_DN72112_c0_g1_i1
CAE7944424.1
1.7e-283
985.7
TRINITY_DN72121_c0_g1_i1
XP_027053856.1
1619
1.9e-50
2429
TRINITY_DN72122_c0_g1_i1
CAE7868779.1
6.9e-241
844.0
TRINITY_DN72124_c0_g1_i1
XP_027045945.1
3.8e-54
221.9
TRINITY_DN72127_c0_g1_i1
CAE7622371.1
4.1e-54
TRINITY_DN72128_c0_g1_i1
4.9e-102
381.7
756
983
TRINITY_DN72138_c0_g1_i1
1341
6062
6508
1.3e-246
6524
TRINITY_DN72140_c0_g1_i1
CAE7363471.1
2.3e-183
652.9
1490
TRINITY_DN72147_c0_g1_i1
XP_027049884.1
3.6e-183
652.1
TRINITY_DN72154_c0_g1_i1
CAE8616193.1
47.1
1.1e-108
404.8
1519
TRINITY_DN72156_c0_g1_i1
7.3e-131
478.0
TRINITY_DN72165_c0_g1_i1
XP_027037414.1
1544
6.9e-277
963.8
TRINITY_DN72179_c0_g1_i1
CAE7906295.1
5.9e-211
744.2
1171
TRINITY_DN72180_c0_g1_i1
XP_027039211.1
941
2.4e-118
436.8
TRINITY_DN72184_c0_g1_i1
3.1e-57
1205
TRINITY_DN72194_c0_g1_i1
1602
1093.2
1810
TRINITY_DN72197_c0_g1_i1
XP_027052302.1
45.5
2.5e-11
TRINITY_DN72201_c0_g1_i1
8.5e-185
657.1
TRINITY_DN72205_c0_g1_i1
CAE7939856.1
1.0e-79
TRINITY_DN72221_c0_g1_i1
XP_027058021.1
1092
3.0e-184
655.6
TRINITY_DN72222_c0_g1_i1
CAE7867582.1
1.4e-155
560.1
TRINITY_DN72231_c0_g1_i1
CAE7620396.1
82.7
2.2e-132
TRINITY_DN72233_c0_g1_i1
4.7e-65
TRINITY_DN72240_c0_g1_i1
CAE7659121.1
3.9e-155
558.5
TRINITY_DN72242_c0_g1_i1
1107
2.3e-203
719.2
1359
TRINITY_DN72243_c0_g1_i1
XP_027036294.1
4.4e-81
1185
TRINITY_DN72254_c0_g1_i1
CAE7768199.1
1.3e-109
TRINITY_DN72259_c0_g1_i1
3.8e-244
854.7
1428
TRINITY_DN72263_c0_g1_i1
CAE7429939.1
7.1e-234
821.2
2210
TRINITY_DN72268_c0_g1_i1
7.5e-193
2087
TRINITY_DN72271_c0_g1_i1
CAE7866375.1
6.8e-224
787.3
TRINITY_DN72277_c0_g1_i1
3.0e-190
675.6
TRINITY_DN72282_c0_g1_i1
XP_027058876.1
7.7e-199
704.1
TRINITY_DN72283_c0_g1_i1
XP_027049101.1
3.4e-103
385.6
TRINITY_DN72284_c0_g1_i1
1878
2138
5.1e-148
3550
TRINITY_DN72291_c0_g1_i1
CAE7859955.1
553
3898
1099.3
2132
TRINITY_DN72294_c0_g1_i1
4.3e-50
209.5
TRINITY_DN72299_c0_g1_i1
2.3e-131
479.9
1286
TRINITY_DN72300_c0_g1_i1
1318
2.1e-158
569.7
7088
TRINITY_DN72301_c0_g1_i1
XP_027059525.1
1.8e-198
703.7
2390
TRINITY_DN72309_c0_g1_i1
46.5
5.2e-227
798.1
1765
5339
TRINITY_DN72310_c0_g1_i1
CAE7638908.1
3.4e-86
TRINITY_DN72312_c0_g1_i1
XP_027046437.1
3.9e-184
656.0
2149
TRINITY_DN72313_c0_g1_i1
CAE7651515.1
5.9e-234
1823
TRINITY_DN72315_c0_g1_i1
CAE7225733.1
7.8e-29
137.5
TRINITY_DN72320_c0_g1_i1
1.1e-197
700.3
TRINITY_DN72325_c0_g1_i1
CAE7438224.1
3.0e-264
921.8
TRINITY_DN72334_c0_g1_i1
XP_027055002.1
7.5e-82
313.9
TRINITY_DN72338_c0_g1_i1
XP_027058841.1
1.9e-58
TRINITY_DN72347_c0_g1_i1
XP_027056921.1
2.5e-105
394.0
1961
TRINITY_DN72350_c0_g1_i1
CAE7251666.1
738
5.1e-139
504.6
TRINITY_DN72354_c0_g1_i1
1691.0
3170
3073
TRINITY_DN72360_c0_g1_i1
1.4e-193
686.4
TRINITY_DN72362_c0_g1_i1
CAE7938335.1
TRINITY_DN72372_c0_g1_i1
CAE7695417.1
2239
2.8e-236
829.3
2346
TRINITY_DN72374_c0_g1_i1
CAE7896462.1
1404
2.4e-264
922.2
1778
2701
TRINITY_DN72375_c0_g1_i1
2.1e-245
859.0
TRINITY_DN72385_c0_g1_i1
5.0e-122
448.0
TRINITY_DN72386_c0_g1_i1
CAE7529864.1
979
7.7e-123
TRINITY_DN72387_c0_g1_i1
CAE7258312.1
1.4e-115
427.2
TRINITY_DN72388_c0_g1_i1
CAE6970648.1
94.9
4.5e-68
268.5
TRINITY_DN72396_c0_g1_i1
XP_027042163.1
6.8e-148
1335
TRINITY_DN72402_c0_g1_i1
XP_029190429.1
33.9
9.2e-16
2861
TRINITY_DN72404_c0_g1_i1
8.8e-54
221.1
TRINITY_DN72409_c0_g1_i1
9.2e-72
TRINITY_DN72410_c0_g1_i1
XP_027048897.1
3.4e-112
TRINITY_DN72415_c0_g1_i1
CAE7283492.1
81.9
750
1052
1232
2.3e-73
286.6
812
1569
TRINITY_DN72416_c0_g1_i1
88.6
5.5e-159
571.6
TRINITY_DN72421_c0_g1_i1
3.0e-102
TRINITY_DN72422_c0_g1_i1
3.4e-102
382.5
TRINITY_DN72423_c0_g1_i1
XP_027038638.1
9.5e-233
817.0
TRINITY_DN72427_c0_g1_i1
CAE7258331.1
1627
4.4e-297
1030.8
TRINITY_DN72431_c0_g1_i1
CAE7769376.1
88.8
4.1e-93
352.1
743
TRINITY_DN72436_c0_g1_i1
XP_027038363.1
2.0e-102
384.0
TRINITY_DN72438_c0_g1_i1
CAE7647017.1
237.3
TRINITY_DN72439_c0_g1_i1
CAE7485785.1
4.4e-175
625.5
TRINITY_DN72446_c0_g1_i1
XP_027055102.1
8.1e-222
780.4
TRINITY_DN72448_c0_g1_i1
503.8
TRINITY_DN72461_c0_g1_i1
CAE7745157.1
38.3
1515
9.6e-58
234.6
4362
TRINITY_DN72464_c0_g1_i1
XP_027043398.1
1317
1.2e-200
710.3
1543
TRINITY_DN72469_c0_g1_i1
CAE7732102.1
1.1e-290
1009.6
1733
TRINITY_DN72472_c0_g1_i1
XP_027051642.1
5.5e-161
577.8
882
TRINITY_DN72477_c0_g1_i1
1898
1.4e-244
856.7
TRINITY_DN72480_c0_g1_i1
4.4e-257
897.9
TRINITY_DN72489_c0_g1_i1
XP_027043185.1
1348
8.3e-245
857.4
2034
TRINITY_DN72499_c0_g1_i1
CAE6971880.1
164.1
TRINITY_DN72505_c0_g1_i1
XP_027057125.1
3.9e-61
246.5
TRINITY_DN72509_c0_g1_i1
CAE7262400.1
81.7
6.1e-272
947.6
2048
TRINITY_DN72510_c0_g1_i1
2998
4.0e-201
711.4
3491
TRINITY_DN72511_c0_g1_i1
2.1e-41
179.5
TRINITY_DN72523_c0_g1_i1
XP_027051389.1
1139.0
2199
TRINITY_DN72546_c0_g1_i1
CAE7570895.1
5.5e-254
887.5
TRINITY_DN72547_c0_g1_i1
CAE7925835.1
7.5e-260
907.1
1683
TRINITY_DN72549_c0_g1_i1
CAE7236682.1
1.5e-76
296.6
TRINITY_DN72551_c0_g1_i1
CAE7877041.1
1451
TRINITY_DN72556_c0_g1_i1
CAE7231828.1
9.6e-46
194.5
TRINITY_DN72559_c0_g1_i1
CAE7248413.1
1.2e-267
932.9
1585
TRINITY_DN72563_c0_g1_i1
XP_027048580.1
1130
6.8e-183
651.7
1998
TRINITY_DN72564_c0_g1_i1
XP_027057719.1
1.5e-58
TRINITY_DN72573_c0_g1_i1
XP_027044223.1
2.0e-141
TRINITY_DN72574_c0_g1_i1
8.9e-56
TRINITY_DN72576_c0_g1_i1
CAE7946009.1
1463
4.2e-246
861.3
TRINITY_DN72587_c0_g1_i1
XP_027039721.1
4.0e-152
548.9
TRINITY_DN72589_c0_g1_i1
CAE7890756.1
5.9e-206
727.6
1744
TRINITY_DN72592_c0_g1_i1
CAE7250571.1
1.0e-57
TRINITY_DN72603_c0_g1_i1
3.2e-54
222.6
TRINITY_DN72608_c0_g1_i1
XP_027046933.1
1.2e-190
1538
TRINITY_DN72613_c0_g1_i1
XP_027045119.1
413.3
TRINITY_DN72614_c0_g1_i1
CAE7608082.1
2.2e-82
TRINITY_DN72625_c0_g1_i1
1455
3.4e-276
961.4
1688
TRINITY_DN72630_c0_g1_i1
XP_027054456.1
2.0e-152
TRINITY_DN72635_c0_g1_i1
CAE7866353.1
5.9e-102
2001
1858
TRINITY_DN72636_c0_g1_i1
1.6e-159
573.2
TRINITY_DN72640_c0_g1_i1
CAE7733340.1
1527
1.1e-233
820.1
1545
TRINITY_DN72642_c0_g1_i1
XP_027043255.1
1.9e-153
554.3
2594
TRINITY_DN72647_c0_g1_i1
1508
6.3e-139
504.2
TRINITY_DN72648_c0_g1_i1
XP_027053425.1
2.6e-127
465.7
TRINITY_DN72656_c0_g1_i1
1.7e-86
329.7
TRINITY_DN72659_c0_g1_i1
CAE7261304.1
9.6e-116
429.1
2705
TRINITY_DN72661_c0_g1_i1
CAE7737320.1
1.8e-178
636.3
TRINITY_DN72667_c0_g1_i1
XP_031559544.1
40.5
910
1.5e-14
1059
TRINITY_DN72668_c0_g1_i1
2.2e-66
TRINITY_DN72678_c0_g1_i1
CAE7798823.1
TRINITY_DN72685_c0_g1_i1
XP_027053601.1
8.6e-109
TRINITY_DN72695_c0_g1_i1
2681
1596.6
2796
TRINITY_DN72711_c0_g1_i1
CAE7893188.1
1.6e-60
TRINITY_DN72719_c0_g1_i1
XP_022804862.1
6.6e-251
877.9
2285
TRINITY_DN72726_c0_g1_i1
CAE7248043.1
80.1
1516
1.2e-195
693.7
1607
TRINITY_DN72733_c0_g1_i1
CAE7769259.1
TRINITY_DN72734_c0_g1_i1
XP_027047209.1
2.3e-164
589.3
3075
TRINITY_DN72740_c0_g1_i1
CAE7622669.1
2934
1917.1
3086
TRINITY_DN72743_c0_g1_i1
CAE7552669.1
1427
1.5e-219
773.1
1506
TRINITY_DN72747_c0_g1_i1
CAE7687015.1
1033
553.5
TRINITY_DN72754_c0_g1_i1
1509
7.5e-297
1030.0
TRINITY_DN72758_c0_g1_i1
CAE7384429.1
1.0e-120
443.7
2336
TRINITY_DN72761_c0_g1_i1
CAE7235558.1
1.9e-125
459.5
TRINITY_DN72766_c0_g1_i1
XP_022789979.1
4.0e-47
199.1
TRINITY_DN72768_c0_g1_i1
CAE7730356.1
2.9e-49
771
TRINITY_DN72769_c0_g1_i1
Q42395
80.3
9.8e-86
327.4
TRINITY_DN72772_c0_g1_i1
XP_027054711.1
TRINITY_DN72773_c0_g1_i1
CAE7251142.1
93.0
1.5e-208
736.9
TRINITY_DN72779_c0_g1_i1
852
1448
575.5
TRINITY_DN72787_c0_g1_i1
XP_032231774.1
32.4
1.0e-06
TRINITY_DN72792_c0_g1_i1
60.8
3.4e-14
TRINITY_DN72797_c0_g1_i1
XP_027048907.1
1288
1.8e-209
739.6
TRINITY_DN72799_c0_g1_i1
TRINITY_DN72814_c0_g1_i1
XP_027040344.1
6.3e-96
360.9
3779
TRINITY_DN72815_c0_g1_i1
TRINITY_DN72819_c0_g1_i1
74.7
1.0e-29
140.6
TRINITY_DN72823_c0_g1_i1
XP_022799523.1
1.5e-154
557.8
2253
TRINITY_DN72825_c0_g1_i1
XP_027042801.1
1620
1.8e-304
1056.6
4030
TRINITY_DN72834_c0_g1_i1
7.4e-68
268.1
708
2790
TRINITY_DN72836_c0_g1_i1
1.0e-58
671
TRINITY_DN72837_c0_g1_i1
CAE7264718.1
1.2e-208
TRINITY_DN72839_c0_g1_i1
XP_027060111.1
9.3e-59
TRINITY_DN72842_c0_g1_i1
CAE7868786.1
1.7e-305
1058.9
TRINITY_DN72844_c0_g1_i1
CAE7837668.1
1319
1.8e-230
809.3
TRINITY_DN72854_c0_g1_i1
XP_027051498.1
TRINITY_DN72855_c0_g1_i1
40.6
945
1.6e-44
988
TRINITY_DN72866_c0_g1_i1
XP_027043148.1
1079
9.7e-195
690.3
TRINITY_DN72874_c0_g1_i1
XP_027054002.1
7.2e-121
445.7
1949
TRINITY_DN72875_c0_g1_i1
XP_027056437.1
3.0e-37
166.0
TRINITY_DN72884_c0_g1_i1
4.6e-11
TRINITY_DN72886_c0_g1_i1
CAE6964454.1
74.8
4.1e-112
TRINITY_DN72897_c0_g1_i1
CAE7635643.1
1.6e-56
230.7
TRINITY_DN72899_c0_g1_i1
CAE6972622.1
1.7e-135
493.0
TRINITY_DN72902_c0_g1_i1
CAE7866314.1
6.9e-182
648.3
TRINITY_DN72904_c0_g1_i1
CAE7296414.1
9.0e-158
567.4
TRINITY_DN72910_c0_g1_i1
XP_027054581.1
8.7e-92
348.2
TRINITY_DN72919_c0_g1_i1
XP_027044367.1
1.0e-85
TRINITY_DN72920_c0_g1_i1
1770
1212.2
4327
TRINITY_DN72921_c0_g1_i1
CAE7386545.1
689
6.4e-72
TRINITY_DN72923_c0_g1_i1
XP_027054980.1
1.1e-288
1003.8
3136
TRINITY_DN72924_c0_g1_i1
1159.8
1880
TRINITY_DN72926_c0_g1_i1
1145
4.1e-210
741.5
1267
TRINITY_DN72927_c0_g1_i1
CAE7862728.1
9.0e-254
2461
TRINITY_DN72929_c0_g1_i1
3.8e-309
1070.8
1618
1383
TRINITY_DN72933_c0_g1_i1
CAE7762173.1
984
2.5e-146
529.3
TRINITY_DN72945_c0_g1_i1
8.3e-10
TRINITY_DN72946_c0_g1_i1
1101.7
1809
TRINITY_DN72952_c0_g1_i1
XP_027041743.1
3.3e-48
TRINITY_DN72958_c0_g1_i1
CAE7410633.1
3.3e-113
419.5
TRINITY_DN72967_c0_g1_i1
1805
2.3e-184
3203
TRINITY_DN72971_c0_g1_i1
XP_027046161.1
1.1e-124
TRINITY_DN72974_c0_g1_i1
CAE7170394.1
2629
1.9e-91
3035
2654
TRINITY_DN72976_c0_g1_i1
XP_027050135.1
TRINITY_DN72978_c0_g1_i1
CAE7218011.1
1.4e-180
643.3
TRINITY_DN72982_c0_g1_i1
XP_027042121.1
1.5e-77
299.7
TRINITY_DN72988_c0_g1_i1
XP_027037623.1
1.7e-72
283.1
TRINITY_DN72993_c0_g1_i1
XP_027059559.1
921
4.7e-167
598.2
TRINITY_DN73003_c0_g1_i1
XP_027039798.1
740.3
TRINITY_DN73013_c0_g1_i1
XP_027053831.1
329.3
TRINITY_DN73019_c0_g1_i1
2.5e-200
708.8
TRINITY_DN73021_c0_g1_i1
3.7e-54
TRINITY_DN73032_c0_g1_i1
CAE7479409.1
1.3e-213
1574
1042
TRINITY_DN73041_c0_g1_i1
CAE7403754.1
1470.3
TRINITY_DN73046_c0_g1_i1
2.3e-52
217.6
TRINITY_DN73048_c0_g1_i1
5.1e-140
TRINITY_DN73050_c0_g1_i1
CAE7730218.1
89.1
2402
1446.4
2420
TRINITY_DN73051_c0_g1_i1
CAE7714847.1
703.0
TRINITY_DN73052_c0_g1_i1
3294
333.6
3970
TRINITY_DN73058_c0_g1_i1
CAE7442144.1
2152
8.3e-142
515.4
2188
TRINITY_DN73074_c0_g1_i1
XP_027053763.1
8.8e-97
TRINITY_DN73075_c0_g1_i1
XP_027046825.1
3.6e-85
TRINITY_DN73086_c0_g1_i1
39.4
5.4e-09
73.2
TRINITY_DN73090_c0_g1_i1
XP_027035918.1
3.6e-178
636.0
1855
TRINITY_DN73093_c0_g1_i1
8.0e-266
926.8
TRINITY_DN73097_c0_g1_i1
XP_027037604.1
774
2.9e-118
435.6
775
TRINITY_DN73101_c0_g1_i1
XP_027051627.1
1196
644.0
2000
TRINITY_DN73105_c0_g1_i1
CAE7466260.1
5.7e-264
920.6
TRINITY_DN73110_c0_g1_i1
XP_027040168.1
1397
1.5e-242
849.4
1398
TRINITY_DN73111_c0_g1_i1
91.1
1.2e-231
813.1
TRINITY_DN73119_c0_g1_i1
CAE7721950.1
1.3e-136
497.3
1210
TRINITY_DN73130_c0_g1_i1
CAE7547735.1
1722
3.4e-243
1513
TRINITY_DN73134_c0_g1_i1
CAE7289550.1
582
5.1e-90
685
TRINITY_DN73135_c0_g1_i1
5.9e-70
274.6
TRINITY_DN73141_c0_g1_i1
XP_027040324.1
3.2e-90
343.6
1640
TRINITY_DN73152_c0_g1_i1
1.1e-52
TRINITY_DN73154_c0_g1_i1
CAE7174063.1
1321
8.2e-248
867.1
TRINITY_DN73155_c0_g1_i1
XP_027049158.1
1.3e-50
1697
TRINITY_DN73157_c0_g1_i1
2.8e-67
TRINITY_DN73158_c0_g1_i1
CAE7364798.1
5.9e-38
168.3
TRINITY_DN73163_c0_g1_i1
9.2e-140
1824
TRINITY_DN73165_c0_g1_i1
XP_027050347.1
855
2.6e-147
532.3
TRINITY_DN73169_c0_g1_i1
XP_027059322.1
8.0e-97
364.4
TRINITY_DN73176_c0_g1_i1
CAE7509409.1
1.2e-166
2069
TRINITY_DN73182_c0_g1_i1
XP_027037006.1
2.9e-128
469.5
TRINITY_DN73183_c0_g1_i1
CAE7171617.1
TRINITY_DN73184_c0_g1_i1
CAE7729675.1
1152
1.3e-183
653.3
TRINITY_DN73187_c0_g1_i1
CAE6961719.1
1.9e-117
433.3
981
TRINITY_DN73188_c0_g1_i1
XP_027035944.1
2.1e-136
496.1
TRINITY_DN73194_c0_g1_i1
CAE7298015.1
1.5e-94
356.7
TRINITY_DN73196_c0_g1_i1
XP_027055034.1
2.0e-51
TRINITY_DN73198_c0_g1_i1
799
2.3e-127
TRINITY_DN73200_c0_g1_i1
XP_027055839.1
6.3e-46
TRINITY_DN73202_c0_g1_i1
XP_027037329.1
1496
2.0e-219
1974
TRINITY_DN73203_c0_g1_i1
XP_027036024.1
6.5e-183
651.4
TRINITY_DN73208_c0_g1_i1
1.2e-38
TRINITY_DN73210_c0_g1_i1
2.1e-147
532.7
912
TRINITY_DN73219_c0_g1_i1
XP_027054415.1
3.5e-108
1650
TRINITY_DN73227_c0_g1_i1
CAE7382766.1
2.5e-233
819.3
2022
TRINITY_DN73229_c0_g1_i1
CAE7228433.1
9.9e-214
TRINITY_DN73237_c0_g1_i1
5.4e-08
TRINITY_DN73240_c0_g1_i1
XP_027052557.1
6.4e-285
990.7
2093
TRINITY_DN73244_c0_g1_i1
811
1.2e-90
344.4
TRINITY_DN73247_c0_g1_i1
CAE7256709.1
4.2e-216
761.9
TRINITY_DN73257_c0_g1_i1
XP_027042428.1
2.0e-158
569.3
TRINITY_DN73258_c0_g1_i1
XP_027044879.1
1.8e-32
150.2
570
TRINITY_DN73259_c0_g1_i1
55.8
2.0e-14
TRINITY_DN73260_c0_g1_i1
XP_027040565.1
996
5.3e-176
TRINITY_DN73262_c0_g1_i1
1.5e-103
TRINITY_DN73266_c0_g1_i1
CAE7649010.1
1.6e-181
646.4
TRINITY_DN73285_c0_g1_i1
CAE7467396.1
5.9e-169
TRINITY_DN73294_c0_g1_i1
XP_027054404.1
4.7e-240
842.0
TRINITY_DN73295_c0_g1_i1
XP_027051432.1
7.3e-68
267.3
TRINITY_DN73296_c0_g1_i1
XP_027050053.1
1693
TRINITY_DN73304_c0_g1_i1
3.7e-126
TRINITY_DN73306_c0_g1_i1
CAE7446470.1
2981
1860.1
3096
TRINITY_DN73307_c0_g1_i1
4.6e-163
1190
TRINITY_DN73308_c0_g1_i1
7.7e-76
293.9
TRINITY_DN73313_c0_g1_i1
CAE7654585.1
86.8
4.0e-93
352.4
TRINITY_DN73314_c0_g1_i1
XP_027054360.1
8.3e-48
TRINITY_DN73316_c0_g1_i1
XP_027036582.1
3.3e-119
TRINITY_DN73317_c0_g1_i1
1710
867
6.7e-204
721.5
1942
TRINITY_DN73326_c0_g1_i1
CAE7462887.1
1.7e-41
180.3
TRINITY_DN73328_c0_g1_i1
XP_027038955.1
4.3e-59
238.0
TRINITY_DN73329_c0_g1_i1
XP_027040841.1
5.2e-100
1104
TRINITY_DN73342_c0_g1_i1
XP_027053804.1
1557
2.1e-268
935.6
1788
TRINITY_DN73344_c0_g1_i1
CAE8633801.1
81.2
4.7e-151
545.0
TRINITY_DN73350_c0_g1_i1
8.5e-26
128.3
TRINITY_DN73364_c0_g1_i1
3044
1303
1456.4
3132
1364
TRINITY_DN73375_c0_g1_i1
XP_027046831.1
6.3e-154
TRINITY_DN73384_c0_g1_i1
1.7e-179
1269
TRINITY_DN73388_c0_g1_i1
CAE7792816.1
1.1e-131
480.3
TRINITY_DN73389_c0_g1_i1
XP_027045906.1
1.9e-283
1906
TRINITY_DN73392_c0_g1_i1
XP_027037533.1
9.3e-110
407.9
TRINITY_DN73398_c0_g1_i1
CAE7225194.1
8.9e-24
120.6
TRINITY_DN73399_c0_g1_i1
CAE7849368.1
1209
TRINITY_DN73400_c0_g1_i1
3.6e-232
815.1
TRINITY_DN73407_c0_g1_i1
XP_027059049.1
1.0e-08
TRINITY_DN73410_c0_g1_i1
1.4e-299
1039.3
1799
TRINITY_DN73418_c0_g1_i1
CAE7468933.1
1298.1
2236
950
TRINITY_DN73420_c0_g1_i1
CAE7210481.1
3.9e-130
475.3
TRINITY_DN73428_c0_g1_i1
8.5e-168
600.9
TRINITY_DN73432_c0_g1_i1
XP_027041466.1
2601
3213
TRINITY_DN73433_c0_g1_i1
XP_027036867.1
5.9e-69
TRINITY_DN73443_c0_g1_i1
3.1e-166
595.5
TRINITY_DN73447_c0_g1_i1
68.3
8.3e-13
TRINITY_DN73448_c0_g1_i1
CAE7772699.1
47.7
2.8e-176
630.2
2642
TRINITY_DN73451_c0_g1_i1
8.0e-72
281.2
TRINITY_DN73467_c0_g1_i2
3.4e-109
406.0
TRINITY_DN73478_c0_g1_i1
XP_027045839.1
1140
2.5e-47
198.7
TRINITY_DN73479_c0_g1_i1
6.0e-127
464.5
TRINITY_DN73487_c0_g1_i1
CAE7476593.1
3.9e-133
TRINITY_DN73495_c0_g1_i1
XP_027048511.1
5.9e-159
571.2
1011
TRINITY_DN73501_c0_g1_i1
1980
1179.1
2106
TRINITY_DN73508_c0_g1_i1
CAE7458933.1
4.8e-114
421.8
844
TRINITY_DN73510_c0_g1_i1
XP_027046550.1
1.1e-72
TRINITY_DN73513_c0_g1_i1
3.9e-165
592.4
1615
TRINITY_DN73521_c0_g1_i1
XP_027057767.1
52.0
7.8e-17
TRINITY_DN73542_c0_g1_i1
89.6
2.8e-51
211.8
TRINITY_DN73544_c0_g1_i1
CAE7608184.1
804
2.6e-121
446.0
TRINITY_DN73545_c0_g1_i1
XP_027049889.1
TRINITY_DN73548_c0_g1_i1
CAE7247369.1
1.6e-113
419.9
TRINITY_DN73555_c0_g1_i1
CAE7255686.1
86.2
3.1e-139
1337
TRINITY_DN73565_c0_g1_i1
2.4e-114
422.9
TRINITY_DN73567_c0_g1_i1
6.8e-156
561.2
TRINITY_DN73587_c0_g1_i1
CAE7893897.1
1252
6.6e-244
854.0
4044
TRINITY_DN73589_c0_g1_i1
CAE7210016.1
1.2e-63
TRINITY_DN73600_c0_g1_i1
XP_027053598.1
3.4e-160
1091
TRINITY_DN73612_c0_g1_i1
CAE8626419.1
6.9e-77
946
TRINITY_DN73620_c0_g1_i1
CAE7370903.1
90.2
1594.3
TRINITY_DN73621_c0_g1_i1
3.0e-89
TRINITY_DN73625_c0_g1_i1
CAE7468941.1
51.6
4.5e-88
335.5
TRINITY_DN73626_c0_g1_i1
CAE7753265.1
8.7e-96
TRINITY_DN73634_c0_g1_i1
1.5e-108
TRINITY_DN73640_c0_g1_i1
CAE7449790.1
7.4e-163
1115
TRINITY_DN73641_c0_g1_i1
CAE7884574.1
2.2e-301
1045.0
1604
TRINITY_DN73643_c0_g1_i1
XP_027048217.1
9.0e-138
500.4
TRINITY_DN73660_c0_g1_i1
CAE7264670.1
81.1
1.2e-109
TRINITY_DN73667_c0_g1_i1
XP_027042817.1
9.4e-55
224.9
TRINITY_DN73668_c0_g1_i1
CAE7940047.1
1024
5.1e-183
TRINITY_DN73669_c0_g1_i1
8.1e-43
183.7
1443
TRINITY_DN73675_c0_g1_i1
2.9e-64
255.8
TRINITY_DN73681_c0_g1_i1
57.5
1.1e-35
TRINITY_DN73683_c0_g1_i1
6.5e-189
671.0
TRINITY_DN73685_c0_g1_i1
CAE8644009.1
57.4
3.2e-06
62.8
1480
TRINITY_DN73690_c0_g1_i1
XP_027049401.1
1.4e-79
307.0
TRINITY_DN73692_c0_g1_i1
1.0e-125
460.7
TRINITY_DN73698_c0_g1_i1
XP_027051396.1
3.6e-22
TRINITY_DN73699_c0_g1_i1
CAE7403064.1
4.2e-138
501.5
TRINITY_DN73700_c0_g1_i1
CAE7235501.1
1.8e-101
TRINITY_DN73716_c0_g1_i1
53.1
8.8e-37
165.2
TRINITY_DN73723_c0_g1_i1
CAE7856770.1
1590.5
2609
TRINITY_DN73725_c0_g1_i1
4.5e-41
TRINITY_DN73727_c0_g1_i1
1.1e-217
TRINITY_DN73731_c0_g1_i1
3.3e-20
109.0
2989
TRINITY_DN73738_c0_g1_i1
XP_027037541.1
2.2e-38
TRINITY_DN73742_c0_g1_i1
XP_027035986.1
6.2e-149
TRINITY_DN73747_c0_g1_i1
CAE7376118.1
2120
6.7e-144
521.2
TRINITY_DN73751_c0_g1_i1
CAE7811240.1
6.1e-101
378.3
TRINITY_DN73753_c0_g1_i1
414.1
TRINITY_DN73769_c0_g1_i1
CAE7227777.1
4.7e-56
TRINITY_DN73770_c0_g1_i1
CAE7234809.1
1.7e-255
TRINITY_DN73776_c0_g1_i1
CAE7341540.1
2831
3113
1.9e-147
533.1
TRINITY_DN73778_c0_g1_i1
XP_027039277.1
2.8e-106
TRINITY_DN73787_c0_g1_i1
CAE7215079.1
4.4e-38
TRINITY_DN73793_c0_g1_i1
3.8e-50
208.4
TRINITY_DN73797_c0_g1_i1
XP_027035691.1
1.5e-98
TRINITY_DN73803_c0_g1_i1
49.3
TRINITY_DN73805_c0_g1_i1
XP_027041357.1
5.2e-184
654.8
1312
TRINITY_DN73808_c0_g1_i1
XP_027048323.1
3.7e-60
TRINITY_DN73810_c0_g1_i1
XP_027037106.1
1.6e-49
206.1
TRINITY_DN73814_c0_g1_i1
CAE7770948.1
4.8e-144
521.9
TRINITY_DN73815_c0_g1_i1
83.1
286.2
TRINITY_DN73821_c0_g1_i1
CAE7808137.1
38.8
4.8e-16
TRINITY_DN73829_c0_g1_i1
CAE7646993.1
1.2e-94
TRINITY_DN73830_c0_g1_i1
CAE6910774.1
1.5e-124
456.8
TRINITY_DN73831_c0_g1_i1
9.1e-67
TRINITY_DN73835_c0_g1_i1
86.7
923
2279
2533
1.1e-116
430.6
2538
TRINITY_DN73848_c0_g1_i1
CAE7947030.1
6.6e-219
770.8
1315
TRINITY_DN73850_c0_g1_i1
CAE7948248.1
5.1e-94
TRINITY_DN73874_c0_g1_i1
4.6e-14
TRINITY_DN73875_c0_g1_i1
CAE7241347.1
7.0e-16
TRINITY_DN73876_c0_g1_i1
1.6e-19
TRINITY_DN73886_c0_g1_i1
CAE7419528.1
6.8e-54
TRINITY_DN73887_c0_g1_i1
3295
3553
7.5e-157
564.3
TRINITY_DN73893_c0_g1_i1
CAE8610040.1
1.9e-34
156.4
TRINITY_DN73900_c0_g1_i1
9.8e-70
TRINITY_DN73902_c0_g1_i1
3.0e-65
TRINITY_DN73907_c0_g1_i1
XP_027042605.1
5.0e-185
658.3
1375
TRINITY_DN73908_c0_g1_i1
CAE7554581.1
1.6e-59
240.0
TRINITY_DN73911_c0_g1_i1
CAE7307600.1
2.9e-141
512.3
TRINITY_DN73912_c0_g1_i1
CAE7780313.1
4.8e-53
TRINITY_DN73919_c0_g1_i1
73.3
1.4e-103
TRINITY_DN73920_c0_g1_i1
607.1
TRINITY_DN73921_c0_g1_i1
XP_027054411.1
266.9
TRINITY_DN73928_c0_g1_i1
XP_027045481.1
1.4e-147
TRINITY_DN73930_c0_g1_i1
3.7e-247
864.8
1464
2856
TRINITY_DN73935_c0_g1_i1
XP_027048675.1
5.0e-168
601.7
TRINITY_DN73945_c0_g1_i1
XP_027058554.1
6.3e-63
250.8
TRINITY_DN73952_c0_g1_i1
CAE7363984.1
1309
4.0e-225
791.6
TRINITY_DN73955_c0_g1_i1
XP_013411975.1
3.0e-46
196.4
TRINITY_DN73958_c0_g1_i1
XP_022797565.1
3.0e-258
901.7
1613
TRINITY_DN73968_c0_g1_i1
2.5e-41
TRINITY_DN73971_c0_g1_i1
CAE7723229.1
6.8e-134
TRINITY_DN73976_c0_g1_i1
2.8e-83
TRINITY_DN73979_c0_g1_i1
XP_027055780.1
4.8e-81
TRINITY_DN73980_c0_g1_i1
5.3e-79
304.7
TRINITY_DN73989_c0_g1_i1
XP_027040562.1
5.5e-54
221.5
TRINITY_DN73999_c0_g1_i1
XP_027055000.1
6.5e-158
568.2
TRINITY_DN74007_c0_g1_i1
XP_027053660.1
1.2e-81
TRINITY_DN74009_c0_g1_i1
CAE7948911.1
4.7e-113
TRINITY_DN74026_c0_g1_i1
XP_029208035.1
52.3
6.3e-30
TRINITY_DN74027_c0_g1_i1
CAE7710987.1
6.5e-123
TRINITY_DN74029_c0_g1_i1
1.6e-74
TRINITY_DN74030_c0_g1_i1
CAE7942316.1
484
8.6e-130
473.8
TRINITY_DN74033_c0_g1_i1
CAE7303394.1
2.8e-275
958.4
TRINITY_DN74036_c0_g1_i1
83.9
1981
1.6e-280
976.1
1983
TRINITY_DN74039_c0_g1_i1
XP_027056067.1
7.1e-72
TRINITY_DN74040_c0_g1_i1
2.8e-147
TRINITY_DN74044_c0_g1_i1
XP_022800165.1
9.7e-78
TRINITY_DN74045_c0_g1_i1
XP_027060679.1
84.4
5.3e-46
194.9
TRINITY_DN74047_c0_g1_i1
CAE7258112.1
2.2e-102
TRINITY_DN74049_c0_g1_i1
XP_027043807.1
2.4e-49
1476
TRINITY_DN74051_c0_g1_i1
1.8e-149
539.7
968
TRINITY_DN74052_c0_g1_i1
3.9e-16
TRINITY_DN74054_c0_g1_i1
CAE8610646.1
1010
2.1e-140
TRINITY_DN74056_c0_g1_i1
5.1e-42
181.0
TRINITY_DN74058_c0_g1_i1
CAE7224745.1
1.5e-137
500.0
TRINITY_DN74061_c0_g1_i1
CAE7884631.1
TRINITY_DN74063_c0_g1_i1
XP_022785284.1
TRINITY_DN74067_c0_g1_i1
68.8
1.1e-31
147.5
TRINITY_DN74072_c0_g1_i1
CAE7739433.1
6.0e-49
TRINITY_DN74075_c0_g1_i1
CAE7832690.1
1.4e-187
666.4
TRINITY_DN74077_c0_g1_i1
CAE7873329.1
914
2.5e-165
1031
TRINITY_DN74094_c0_g1_i1
CAE7328665.1
3.0e-302
1048.1
1866
TRINITY_DN74101_c0_g1_i1
CAE7405380.1
1991
1188.3
2202
TRINITY_DN74109_c0_g1_i1
6.2e-86
328.2
TRINITY_DN74112_c0_g1_i1
CAE7761635.1
7.5e-62
TRINITY_DN74118_c0_g1_i1
9.7e-06
61.2
TRINITY_DN74122_c0_g1_i1
CAE8635378.1
53.7
1.6e-14
TRINITY_DN74124_c0_g1_i1
CAE7801637.1
1.3e-28
137.1
TRINITY_DN74125_c0_g1_i1
CAE7436471.1
6.9e-137
497.7
TRINITY_DN74132_c0_g1_i1
CAE7831430.1
8.8e-134
TRINITY_DN74136_c0_g1_i1
XP_027052894.1
4.7e-36
161.8
TRINITY_DN74137_c0_g1_i1
9.0e-28
TRINITY_DN74152_c0_g1_i1
1.5e-91
347.1
859
TRINITY_DN74154_c0_g1_i1
TRINITY_DN74157_c0_g1_i1
3.1e-180
TRINITY_DN74160_c0_g1_i1
XP_027043084.1
2.7e-55
TRINITY_DN74163_c0_g1_i1
XP_027049139.1
6.1e-41
177.6
TRINITY_DN74169_c0_g1_i1
XP_027060247.1
1.2e-130
476.9
TRINITY_DN74171_c0_g1_i1
2.3e-28
136.0
TRINITY_DN74181_c0_g1_i1
1.4e-120
443.4
TRINITY_DN74185_c0_g1_i1
52.5
4.0e-14
TRINITY_DN74187_c0_g1_i1
CAE7859565.1
2041
9.9e-228
1677
TRINITY_DN74191_c0_g1_i1
CAE7241337.1
2.4e-78
TRINITY_DN74194_c0_g1_i1
CAE7200282.1
1.7e-132
1084
TRINITY_DN74196_c0_g1_i1
CAE7234877.1
3.4e-19
105.9
TRINITY_DN74201_c0_g1_i1
8.3e-105
391.3
TRINITY_DN74203_c0_g1_i1
CAE7325851.1
7.5e-214
754.2
TRINITY_DN74204_c0_g1_i1
XP_027050377.1
190
3.8e-101
379.0
TRINITY_DN74222_c0_g1_i1
CAE7314729.1
1.1e-141
513.8
TRINITY_DN74224_c0_g1_i1
XP_027058123.1
3.5e-190
TRINITY_DN74227_c0_g1_i1
403.7
4493
TRINITY_DN74229_c0_g1_i1
5.1e-154
TRINITY_DN74232_c0_g1_i1
CAE7890634.1
1.0e-94
357.5
TRINITY_DN74237_c0_g1_i1
CAE7716113.1
2417
1372.5
2426
TRINITY_DN74238_c0_g1_i1
CAE7332687.1
4.1e-151
TRINITY_DN74239_c0_g1_i1
1.2e-117
433.7
TRINITY_DN74243_c0_g1_i1
CAE7709058.1
38.5
6.2e-31
TRINITY_DN74247_c0_g1_i1
1.5e-90
343.2
TRINITY_DN74250_c0_g1_i1
7.4e-185
657.5
TRINITY_DN74252_c0_g1_i1
1.2e-71
TRINITY_DN74254_c0_g1_i1
CAE7819886.1
4.8e-124
789
TRINITY_DN74255_c0_g1_i1
CAE7456604.1
8.8e-55
TRINITY_DN74256_c0_g1_i1
8.7e-148
533.9
TRINITY_DN74258_c0_g1_i1
CAE7400359.1
1.0e-65
TRINITY_DN74269_c0_g1_i1
4.4e-69
TRINITY_DN74273_c0_g1_i1
1.7e-126
463.0
TRINITY_DN74276_c0_g1_i1
XP_027046275.1
3.3e-62
248.4
TRINITY_DN74283_c0_g1_i1
TRINITY_DN74286_c0_g1_i1
XP_027058014.1
7.5e-125
458.4
TRINITY_DN74307_c0_g1_i1
7.6e-13
TRINITY_DN74337_c0_g1_i1
XP_027051929.1
2.5e-70
275.8
TRINITY_DN74341_c0_g1_i1
CAE7895005.1
2.8e-35
TRINITY_DN74350_c0_g1_i1
XP_027054877.1
5.4e-62
TRINITY_DN74363_c0_g1_i1
4.5e-71
279.6
1293
TRINITY_DN74366_c0_g1_i1
CAE7755252.1
1.2e-105
393.7
TRINITY_DN74367_c0_g1_i1
CAE7818095.1
716
2.3e-08
69.3
TRINITY_DN74371_c0_g1_i1
XP_028410634.1
53.5
5.8e-10
TRINITY_DN74372_c0_g1_i1
1.2e-80
310.5
TRINITY_DN74377_c0_g1_i1
XP_027048522.1
TRINITY_DN74380_c0_g1_i1
XP_027052428.1
9.1e-29
TRINITY_DN74384_c0_g1_i1
XP_027058030.1
TRINITY_DN74386_c0_g1_i1
CAE7196727.1
3.7e-75
292.7
TRINITY_DN74387_c0_g1_i1
4.7e-70
275.4
TRINITY_DN74396_c0_g1_i1
CAE7313123.1
1.1e-76
297.0
TRINITY_DN74400_c0_g1_i1
CAE7252346.1
1965
4.8e-275
2194
TRINITY_DN74405_c0_g1_i1
1.1e-29
TRINITY_DN74406_c0_g1_i1
CAE7225240.1
1.5e-50
210.3
TRINITY_DN74413_c0_g1_i1
WP_066017860.1
1.8e-83
TRINITY_DN74414_c0_g1_i1
CAE7895790.1
216.5
TRINITY_DN74416_c0_g1_i1
1.1e-92
350.5
TRINITY_DN74427_c0_g1_i1
CAE7887157.1
45.1
8.4e-57
231.9
TRINITY_DN74442_c0_g1_i1
XP_027046196.1
2.2e-134
TRINITY_DN74444_c0_g1_i1
XP_027043797.1
TRINITY_DN74458_c0_g1_i1
CAE8623859.1
73.9
9.5e-76
294.3
TRINITY_DN74469_c0_g1_i1
70.7
9.5e-25
124.0
TRINITY_DN74470_c0_g1_i1
XP_027051109.1
5.0e-78
TRINITY_DN74476_c0_g1_i1
XP_027049484.1
5.5e-140
508.4
1186
TRINITY_DN74482_c0_g1_i1
CAE8730876.1
51.7
7.2e-09
71.2
TRINITY_DN74488_c0_g1_i1
CAE8595544.1
65.4
8.9e-19
104.0
TRINITY_DN74490_c0_g1_i1
XP_027036156.1
2.4e-77
TRINITY_DN74502_c0_g1_i1
5.1e-241
844.3
TRINITY_DN74504_c0_g1_i1
XP_027059183.1
5.8e-16
TRINITY_DN74529_c0_g1_i1
XP_027057337.1
2.6e-61
TRINITY_DN74532_c0_g1_i1
CAE7350535.1
3.8e-38
168.7
TRINITY_DN74543_c0_g1_i1
XP_027058283.1
TRINITY_DN74547_c0_g1_i1
CAE7529575.1
1.5e-111
TRINITY_DN74549_c0_g1_i1
CAE7654606.1
1.5e-61
TRINITY_DN74551_c0_g1_i1
XP_027047728.1
2.8e-41
TRINITY_DN74562_c0_g1_i1
4.2e-35
TRINITY_DN74564_c0_g1_i1
72.0
TRINITY_DN74575_c0_g1_i1
4.2e-74
288.5
1912
TRINITY_DN74589_c0_g1_i1
3.5e-70
TRINITY_DN74604_c0_g1_i1
CAE7234495.1
5.8e-229
804.3
TRINITY_DN74624_c0_g1_i1
XP_027053393.1
5.2e-50
TRINITY_DN74627_c0_g1_i1
9.8e-93
TRINITY_DN74628_c0_g1_i1
XP_027048944.1
1.2e-88
TRINITY_DN74646_c0_g1_i1
CAE7280430.1
TRINITY_DN74647_c0_g1_i1
CAE7351984.1
1.9e-57
TRINITY_DN74649_c0_g1_i1
2.1e-95
TRINITY_DN74653_c0_g1_i1
XP_027045143.1
TRINITY_DN74661_c0_g1_i1
KXJ25463.1
55.2
1.9e-43
186.8
TRINITY_DN74665_c0_g1_i1
2.2e-122
449.5
TRINITY_DN74667_c0_g1_i1
CAE7759617.1
1.7e-54
1634
TRINITY_DN74671_c0_g1_i1
XP_027047131.1
4.8e-31
TRINITY_DN74686_c0_g1_i1
XP_027051692.1
8.2e-06
TRINITY_DN74694_c0_g1_i1
5.1e-105
391.7
TRINITY_DN74698_c0_g1_i1
2.0e-18
103.2
TRINITY_DN74719_c0_g1_i1
XP_027056471.1
TRINITY_DN74737_c0_g1_i1
TRINITY_DN74750_c0_g1_i1
XP_027052111.1
2.6e-29
139.8
TRINITY_DN74751_c0_g1_i1
47.3
9.3e-24
TRINITY_DN74764_c0_g1_i1
XP_023317687.1
2.3e-26
TRINITY_DN74765_c0_g1_i1
3.9e-06
TRINITY_DN74769_c0_g1_i1
XP_015754317.1
46.7
4.8e-08
TRINITY_DN74772_c0_g1_i1
CAE7832141.1
2.2e-65
TRINITY_DN74777_c0_g1_i1
4.7e-25
125.2
TRINITY_DN74780_c0_g1_i1
CAE7847503.1
1.0e-189
673.7
TRINITY_DN74782_c0_g1_i1
1.6e-146
TRINITY_DN74790_c0_g1_i1
2.5e-72
TRINITY_DN74791_c0_g1_i1
2.0e-132
482.6
TRINITY_DN74797_c0_g1_i1
XP_021365320.1
41.5
TRINITY_DN74805_c0_g1_i1
CAE7533505.1
7.3e-157
1034
TRINITY_DN74807_c0_g1_i1
XP_027057159.1
6.2e-51
210.7
TRINITY_DN74811_c0_g1_i1
CAE7407806.1
2.0e-241
845.5
TRINITY_DN74816_c0_g1_i1
CAE7527630.1
3.5e-73
TRINITY_DN74833_c0_g1_i1
1.2e-34
TRINITY_DN74834_c0_g1_i1
TRINITY_DN74837_c0_g1_i1
CAE7941808.1
1.1e-112
417.5
TRINITY_DN74840_c0_g1_i1
5.9e-45
TRINITY_DN74843_c0_g1_i1
CAE7277627.1
1.3e-65
260.4
TRINITY_DN74846_c0_g1_i1
XP_027060600.1
3.9e-66
261.5
TRINITY_DN74847_c0_g1_i1
XP_027051730.1
4452
2.9e-43
4570
TRINITY_DN74854_c0_g1_i1
XP_027059139.1
5.6e-126
461.1
TRINITY_DN74856_c0_g1_i1
CAE7435006.1
2.2e-127
TRINITY_DN74857_c0_g1_i1
9.0e-53
216.9
TRINITY_DN74865_c0_g1_i1
XP_027040246.1
2.1e-62
249.2
1566
TRINITY_DN74870_c0_g1_i1
6.5e-34
154.5
TRINITY_DN74877_c0_g1_i1
3.4e-09
TRINITY_DN74881_c0_g1_i1
XP_022788525.1
2.2e-54
222.2
TRINITY_DN74882_c0_g1_i1
XP_027059301.1
3.3e-47
198.4
TRINITY_DN74886_c0_g1_i1
1.9e-135
TRINITY_DN74892_c0_g1_i1
CAE7258144.1
1.2e-54
TRINITY_DN74894_c0_g1_i1
1.9e-33
152.5
TRINITY_DN74896_c0_g1_i1
CAE7339461.1
1.9e-28
TRINITY_DN74899_c0_g1_i1
XP_027056187.1
7.8e-104
387.9
TRINITY_DN74910_c0_g1_i1
85.7
1.7e-06
63.2
TRINITY_DN74917_c0_g1_i1
XP_029179843.1
TRINITY_DN74920_c0_g1_i1
XP_002181613.1
5.8e-41
TRINITY_DN74927_c0_g1_i1
8.4e-54
220.3
TRINITY_DN74942_c0_g1_i1
1.2e-30
143.3
2011
TRINITY_DN74945_c0_g1_i1
1.6e-93
TRINITY_DN74956_c0_g1_i1
XP_027039693.1
5.3e-30
TRINITY_DN74958_c0_g1_i1
CAE7936067.1
TRINITY_DN74968_c0_g1_i1
CAE7772232.1
92.6
1.4e-55
226.5
TRINITY_DN74979_c0_g1_i1
1.1e-22
TRINITY_DN74980_c0_g1_i1
1063
4.3e-90
TRINITY_DN74991_c0_g1_i1
8.0e-60
240.4
2382
TRINITY_DN74997_c0_g1_i1
CAE7778059.1
612
1.5e-56
TRINITY_DN74998_c0_g1_i1
XP_027043505.1
7.4e-76
294.7
TRINITY_DN75000_c0_g1_i1
1.5e-30
1801
TRINITY_DN75005_c0_g1_i1
XP_027051937.1
TRINITY_DN75014_c0_g1_i1
KAG5706420.1
TRINITY_DN75016_c0_g1_i1
CAE7940397.1
3.7e-39
172.2
TRINITY_DN75029_c0_g1_i1
CAE7262494.1
2.7e-95
359.0
TRINITY_DN75033_c0_g1_i1
CAE7330901.1
2.7e-07
TRINITY_DN75035_c0_g1_i1
2.8e-24
TRINITY_DN75045_c0_g1_i1
TRINITY_DN75047_c0_g1_i1
6.8e-69
TRINITY_DN75049_c0_g1_i1
CAE7307466.1
5.5e-46
TRINITY_DN75076_c0_g1_i1
3.5e-92
TRINITY_DN75081_c0_g1_i1
XP_027055842.1
8.7e-42
TRINITY_DN75108_c0_g1_i1
XP_027049006.1
6.8e-27
131.0
TRINITY_DN75111_c0_g1_i1
1259
1.8e-56
229.2
