not mapped
Pver_g18448.t1
XP_027048185.1
99.6
263
1
0
4.3e-141
511.5
264
Pver_g18449.t2
39.8
665
238
20
22
527
37
698
5.3e-90
342.8
528
1461
Pver_g18450.t1
67.5
320
76
6
152
466
25
321
1.3e-101
381.7
649
356
Pver_g18451.t1
XP_027060611.1
81.2
536
74
3
156
690
15
524
7.5e-233
817.8
702
Pver_g18452.t1
52.5
499
141
43
445
38
9.5e-142
514.6
490
1390
Pver_g18453.t1
81.6
174
13
155
82
255
3.5e-69
271.9
161
302
Pver_g18454.t1
XP_022810646.1
81.0
500
2
100
551
459
9.9e-224
787.7
839
501
Pver_g18455.t1
XP_003199161.1
49.9
613
250
4
569
5
606
4.6e-164
589.0
570
1312
Pver_g18456.t2
XP_029184112.1
40.5
1141
251
10
23
1160
716
1.9e-204
724.2
1163
721
Pver_g18457.t1
86.6
284
298
394
676
1.6e-131
479.9
307
725
Pver_g18458.t1
XP_022809498.1
91.4
7
261
81
335
4.2e-130
475.7
423
903
Pver_g18459.t2
81.4
274
51
2.8e-125
459.1
293
510
Pver_g18460.t1
61.5
239
79
231
21
5.4e-63
251.9
232
Pver_g18461.t1
XP_029180087.1
67.2
615
217
794
605
8.8e-230
807.7
1314
Pver_g18462.t1
88.2
220
215
301
2.9e-95
359.0
Pver_g18463.t2
90.6
2782
85
343
2992
8
2745
0.0e+00
4787.6
3141
2748
Pver_g18464.t2
96.7
1290
14
29
1318
1280
2354.7
1319
Pver_g18466.t1
65.6
93
32
486
2.8e-24
123.2
225
735
Pver_g18467.t1
XP_027055454.1
77.8
99
242
340
8.1e-30
142.5
403
129
Pver_g18468.t1
XP_027040091.1
96.8
157
136
292
34
190
2.2e-16
97.4
Pver_g18469.t1
65.2
279
84
66
344
92
357
3.9e-95
359.8
489
360
Pver_g18470.t1
92.4
555
558
521
2.4e-282
981.9
559
Pver_g18471.t1
XP_027047760.1
98.6
556
1083.6
557
Pver_g18472.t1
XP_027047566.1
92.5
523
39
2.7e-270
941.8
542
Pver_g18473.t1
1081
30
1087
135
1215
1894.8
1088
Pver_g18474.t1
99.3
546
2.4e-303
1051.6
547
Pver_g18475.t2
56.3
73
342
87
324
3.1e-59
240.0
326
Pver_g18476.t1
XP_027057012.1
94.6
278
277
1.2e-146
530.0
Pver_g18477.t1
XP_022777760.1
48.1
233
97
212
6.7e-48
202.6
411
Pver_g18478.t1
XP_027042371.1
63.4
328
234
525
350
3.5e-105
393.3
533
543
Pver_g18479.t1
XP_027046727.1
97.7
172
131
2.6e-89
339.7
303
Pver_g18480.t1
XP_027046726.1
449
3.5e-244
854.7
450
Pver_g18481.t1
XP_027046722.1
262
285
6.9e-147
530.8
Pver_g18482.t1
280
2.1e-149
539.3
281
Pver_g18483.t1
XP_027046723.1
92.6
24
49
372
1.2e-156
563.5
325
Pver_g18484.t1
XP_027046725.1
98.7
9.7e-88
333.6
158
Pver_g18485.t1
XP_027046729.1
97.9
1496
1494
3087.4
1495
Pver_g18486.t1
XP_022789419.1
87.9
198
1.3e-94
356.7
199
Pver_g18487.t1
51.7
211
50
168
223
2.7e-40
177.9
639
1453
Pver_g18488.t1
95.8
142
31
6.7e-72
280.8
268
Pver_g18489.t1
XP_022779244.1
79.7
290
54
294
45
329
3.4e-126
462.2
295
Pver_g18490.t1
247
33
478
333
579
7.5e-123
451.8
1309
Pver_g18491.t1
XP_022779290.1
83.7
288
46
287
4.9e-138
501.5
289
Pver_g18492.t1
XP_027039388.1
98.5
654
1327.4
655
Pver_g18493.t1
XP_027039370.1
825
8.2e-162
582.0
826
Pver_g18494.t1
XP_027039369.1
1049
2106.3
1051
1434
Pver_g18495.t1
99.7
377
383
5.5e-214
754.2
378
Pver_g18496.t1
99.2
266
362
1.3e-148
537.0
370
Pver_g18497.t1
91.1
932
12
126
1057
221
1438.7
4495
Pver_g18498.t1
XP_027046264.1
96.3
219
3.5e-117
432.6
Pver_g18499.t1
XP_027046258.1
1.3e-136
496.5
240
Pver_g18500.t1
XP_027046296.1
99.5
1311
1339
2615.5
1340
Pver_g18501.t1
94.8
1011
53
1823.9
1118
1143
Pver_g18502.t2
XP_027046231.1
88.1
929
885
893
1466.4
886
Pver_g18503.t1
98.0
391
18
408
2.2e-218
769.2
497
396
Pver_g18504.t1
XP_027043699.1
696
1335.1
697
Pver_g18505.t1
XP_027043696.1
76.8
44
214
35
224
4.9e-34
155.6
267
Pver_g18506.t2
XP_027059334.1
96.1
616
596
1146.3
632
Pver_g18507.t1
94.2
275
16
361
111
385
9.4e-147
882
Pver_g18508.t1
XP_022797535.1
95.9
9
9.7e-178
633.6
341
379
Pver_g18509.t1
XP_033110373.1
46.7
619
318
703
652
4.7e-151
546.2
789
Pver_g18510.t1
XP_029205480.1
65.1
498
59
116
775
6.9e-156
561.6
1401
Pver_g18511.t1
XP_027046467.1
65.9
138
145
4.3e-40
175.3
Pver_g18512.t1
XP_029210272.1
79.2
60
42
346
244
548
1.9e-128
469.9
347
581
Pver_g18513.t1
48.6
514
124
17
482
422
9.1e-118
435.3
612
461
Pver_g18514.t1
XP_027046918.1
1150.6
Pver_g18515.t1
XP_015762913.1
34.7
727
115
371
421
1144
5.3e-92
349.0
1432
Pver_g18516.t1
XP_027049402.1
99.4
178
160
337
7.0e-95
357.5
439
Pver_g18517.t1
XP_027049404.1
254
1.5e-96
363.6
Pver_g18518.t1
XP_027049401.1
94.9
5.6e-80
307.8
Pver_g18519.t1
XP_027049416.1
97.8
1060
19
1056
2023.1
1061
Pver_g18520.t1
119
118
1.3e-55
226.5
120
Pver_g18521.t1
XP_027049437.1
270
2.6e-149
538.9
271
Pver_g18522.t1
XP_027049434.1
66.7
492
86
469
437
3.5e-165
592.8
618
442
Pver_g18523.t1
85.2
1984
272
1978
125
2092
2925.2
1979
Pver_g18524.t1
82.7
197
309
637
815
2.6e-76
296.6
310
Pver_g18525.t1
XP_027039867.1
97.0
532
6.6e-306
1060.1
Pver_g18526.t1
XP_027038974.1
92.8
601
560
821
1.3e-309
1072.4
561
Pver_g18527.t1
XP_022810116.1
74.0
1012
256
1243
1006
1528.1
1373
Pver_g18528.t1
XP_027056963.1
87.5
36
9.2e-100
374.4
Pver_g18529.t2
XP_022789414.1
2337
27
2355
2301
3691.0
2356
Pver_g18530.t1
XP_027054048.1
3.2e-241
844.7
392
Pver_g18531.t1
XP_027054092.1
93.2
2.6e-249
871.7
Pver_g18532.t1
XP_027054083.1
99.0
9.5e-158
567.0
Pver_g18533.t1
XP_027054073.1
99.1
9.3e-266
926.4
438
Pver_g18534.t1
XP_027054060.1
93.4
455
3.7e-223
784.6
373
Pver_g18535.t1
XP_027054017.1
97.6
165
7.1e-41
166
Pver_g18536.t1
149
3.2e-32
149.1
151
Pver_g18537.t1
79.8
26
7.8e-51
210.7
130
Pver_g18538.t1
XP_027054029.1
94.7
133
1.5e-65
259.6
Pver_g18539.t1
XP_027044950.1
2.9e-55
227.3
463
462
Pver_g18540.t1
XP_027044948.1
97.3
257
4.8e-136
495.7
515
Pver_g18541.t1
38.0
3827
733
2219
3796
2087.8
2265
3797
Pver_g18542.t1
XP_027037099.1
83.8
2018
2016
3217.6
2033
2019
Pver_g18543.t2
XP_027057300.1
78.8
1205
243
1427
1203
1172.1
1433
2011
Pver_g18544.t1
XP_022798672.1
72.4
648
513
7.6e-248
867.5
Pver_g18545.t1
XP_027037613.1
98.3
63
465
1.2e-179
640.2
404
Pver_g18546.t2
XP_027037547.1
90.1
436
426
2.2e-215
760.0
818
458
Pver_g18547.t1
XP_027038981.1
92.1
127
55
181
7.2e-58
235.0
245
248
Pver_g18548.t2
55.4
319
300
5.6e-86
328.9
540
Pver_g18549.t1
XP_027039944.1
84.8
407
62
7.2e-207
730.7
451
Pver_g18550.t2
53.4
194
918
98
1.6e-158
571.2
919
764
Pver_g18551.t1
49.3
367
6.6e-81
312.0
Pver_g18552.t1
78.4
167
203
369
1.5e-10
78.6
Pver_g18553.t2
XP_022809195.1
78.5
669
137
668
1.3e-276
963.8
1082
Pver_g18554.t1
72.0
182
105
286
3.2e-65
683
Pver_g18555.t1
72.5
121
9.0e-66
261.5
305
Pver_g18556.t1
98.8
169
183
1.6e-86
330.1
230
Pver_g18557.t1
XP_027056307.1
84.1
434
68
453
296
728
8.6e-206
727.2
776
Pver_g18558.t1
XP_027041703.1
85.3
1128
56
2435
3482
107
1204
1760.3
3484
1493
Pver_g18559.t2
79.1
565
106
1025
6.3e-259
904.0
Pver_g18560.t1
XP_022778069.1
69.5
351
349
1.9e-130
477.2
550
534
Pver_g18561.t1
XP_022800352.1
87.4
530
67
1.0e-274
956.4
531
Pver_g18562.t1
XP_027050138.1
507
897
4.2e-172
616.3
898
Pver_g18563.t1
58.7
700
753
1.3e-220
776.5
493
Pver_g18564.t1
28
398
2.6e-208
735.3
Pver_g18565.t1
XP_022804725.1
100.0
1.6e-53
219.9
Pver_g18566.t2
70.6
695
610
1304
759
1.1e-182
652.1
1426
1124
Pver_g18567.t1
72.8
162
656
1.2e-55
228.4
1030
Pver_g18568.t1
69.2
494
4.9e-175
625.5
628
Pver_g18569.t1
XP_027054964.1
95.2
252
2.4e-129
473.0
366
Pver_g18570.t1
61.9
3752
2876
3733
4461.4
2941
5234
Pver_g18571.t1
XP_027038631.1
189
40
228
150
338
2.4e-99
372.9
761
Pver_g18572.t2
47.1
798
11
417
1135
778
4.8e-189
672.9
1137
Pver_g18573.t1
87.6
61
1231
520
3.3e-244
856.3
1232
Pver_g18574.t1
83.3
473
772
2.4e-220
776.2
661
Pver_g18575.t1
153
1.9e-59
202
Pver_g18576.t1
80.8
506
1269
717
1.0e-224
791.6
1275
Pver_g18577.t1
55.2
402
175
400
405
806
9.0e-122
448.0
1292
Pver_g18579.t1
XP_027052965.1
526
2.3e-279
971.8
Pver_g18580.t1
XP_027052967.1
2.8e-64
255.4
132
Pver_g18581.t1
XP_027052937.1
568
1.7e-296
1028.9
Pver_g18582.t1
XP_022785073.1
1.4e-155
560.8
928
Pver_g18583.t1
XP_027041661.1
82.5
564
3.5e-250
875.5
802
850
Pver_g18584.t1
XP_027041756.1
265
2.4e-163
586.6
597
Pver_g18585.t1
2.3e-44
189.5
159
Pver_g18586.t1
XP_027036002.1
705
1755
1858.6
1756
Pver_g18587.t1
XP_027057659.1
4.1e-45
191.4
108
Pver_g18588.t1
XP_015766028.1
70.0
363
1.4e-137
500.4
381
951
Pver_g18589.t2
86.2
236
259
3.8e-68
269.2
269
680
Pver_g18590.t1
63.1
715
1010
222
834
1.3e-233
820.8
1029
1451
Pver_g18591.t1
112
8.9e-23
118.6
Pver_g18592.t2
60.9
732
241
911
1265
1.2e-235
827.8
1166
1603
Pver_g18593.t1
48.8
1884
332
1273
1862
1523.5
1378
1863
Pver_g18594.t1
66.0
191
8.2e-60
241.1
Pver_g18595.t2
XP_027043128.1
999
958
88
1042
1718.7
959
Pver_g18596.t1
81.8
192
393
584
851
1041
2.4e-83
320.9
586
Pver_g18597.t1
86.7
312
1.3e-58
238.4
485
Pver_g18598.t3
XP_027054509.1
83.9
852
117
146
994
1459.9
1515
998
Pver_g18599.t1
205
1.1e-80
310.5
206
Pver_g18600.t1
98.4
838
837
4.8e-303
1051.2
976
Pver_g18601.t1
XP_027042153.1
84.2
101
291
2.3e-40
175.6
657
Pver_g18602.t2
82.4
140
9.8e-50
207.2
Pver_g18603.t1
60.5
1.7e-60
245.0
603
Pver_g18604.t1
XP_029202881.1
51.0
608
624
6.5e-160
575.5
Pver_g18605.t1
XP_028404050.1
62.0
824
299
993
1807
1065
1883
4.2e-304
1055.8
1816
Pver_g18606.t2
4.9e-147
531.6
440
Pver_g18607.t1
XP_027039795.1
387
1.4e-171
613.2
348
Pver_g18608.t1.1.5de5cb28
74.2
185
784
2.5e-271
945.7
729
Pver_g18609.t1
73.4
384
6.3e-158
568.5
Pver_g18610.t1
XP_027057316.1
74.1
667
990
635
4.3e-272
948.7
1070
1225
Pver_g18611.t1
79.9
585
972
629
3.2e-197
699.9
973
1405
Pver_g18612.t1
433
8.6e-143
518.8
841
1915
Pver_g18613.t1
83.0
9.4e-115
424.9
467
Pver_g18614.t1
XP_029187298.1
76.3
4.6e-96
362.1
304
Pver_g18615.t1
XP_022798320.1
327
2.7e-172
615.5
336
1371
Pver_g18616.t2
XP_027060592.1
80
139
90
8.1e-13
85.5
Pver_g18617.t2
54.1
687
587
1.3e-162
584.3
663
646
Pver_g18618.t1
68.8
154
1.3e-47
200.7
Pver_g18619.t1
645
647
1347.0
Pver_g18620.t1
XP_027048160.1
4.3e-301
1044.3
Pver_g18622.t1
XP_027045002.1
113
229
4.3e-42
183.0
Pver_g18623.t1
XP_027036276.1
89.1
1.2e-57
233.4
1220
Pver_g18624.t1
82.0
770
3.2e-92
349.7
Pver_g18625.t1
69.3
401
64
538
908
2.9e-138
503.1
Pver_g18626.t1
XP_022797786.1
67.6
297
574
441
681
7.6e-90
342.4
575
1212
Pver_g18627.t1
XP_027046715.1
70.3
589
353
941
720
3.2e-212
750.0
1183
Pver_g18628.t2
70.8
460
6.9e-161
578.2
448
Pver_g18629.t1
XP_022777701.1
72.3
477
123
470
723
8.2e-148
535.4
Pver_g18630.t1
XP_027051833.1
69.7
188
134
1315
1502
6.5e-43
184.5
Pver_g18631.t1
63.2
95
128
2.2e-25
127.9
430
Pver_g18632.t1
58.4
177
522
511
7.4e-143
Pver_g18633.t1
XP_027057302.1
62.5
315
313
1.9e-97
366.7
Pver_g18634.t1
XP_027056166.1
1.4e-186
662.9
Pver_g18635.t1
2.1e-191
679.9
512
Pver_g18636.t1
88.6
621
7.8e-216
761.1
658
Pver_g18637.t1
XP_027049584.1
258
447
3.9e-76
475
Pver_g18638.t2
86.3
502
3.8e-235
825.1
571
Pver_g18639.t1
XP_027048079.1
418
4.8e-243
850.9
419
Pver_g18640.t1
XP_015764867.1
68.5
213
679
8.3e-191
678.3
816
790
Pver_g18641.t1
XP_022786520.1
91.2
276
1.1e-223
786.6
Pver_g18642.t1
XP_022801954.1
682
2999
Pver_g18643.t1
76.7
736
415
6.3e-165
598
Pver_g18644.t1
68.4
122
614
8.0e-173
619.0
1097
Pver_g18645.t1
XP_022805243.1
69
1.4e-231
813.5
704
Pver_g18646.t2
XP_022805246.1
58
495
7.1e-100
375.6
504
496
Pver_g18647.t1
604
633
1219.9
724
620
Pver_g18648.t1
XP_027052295.1
1.3e-145
526.6
Pver_g18649.t1
XP_022808475.1
57.1
1284
1260
854
2114
1177.5
1267
2272
Pver_g18650.t1
XP_027051691.1
57
355
738
1083
1.1e-160
577.8
567
Pver_g18651.t2
63.8
1772
2515
1690
2154.4
2557
Pver_g18652.t2
XP_029182627.1
91.9
94
431
4.4e-230
809.3
1169
Pver_g18653.t2
56.4
1465
1278
1738
1359.7
1635
2154
Pver_g18654.t1
XP_029197607.1
42.0
468
487
1327
1.0e-153
554.3
2119
Pver_g18655.t1
KXJ12294.1
1468
1305
541
1848
1152.1
2630
1951
Pver_g18656.t1
1.9e-58
237.3
Pver_g18657.t1
XP_022802642.1
66.3
454
540.8
840
Pver_g18658.t1
78.0
844
1365
748
4.8e-231
813.1
1812
Pver_g18659.t1
XP_027037825.1
86.5
491
8.0e-177
631.7
740
Pver_g18660.t1
40.0
537
339
1.8e-75
293.9
1126
Pver_g18661.t1
2.5e-211
746.1
623
Pver_g18662.t1
XP_015763616.1
55.9
859
1178
2.0e-98
369.8
1500
Pver_g18663.t1
XP_029206177.1
75.9
424
102
427
2.8e-188
669.8
773
572
Pver_g18664.t1
XP_031572637.1
63.6
611
195
796
7.5e-225
916
1357
Pver_g18665.t1
KXJ14658.1
946
7.5e-176
629.0
1062
Pver_g18666.t1
XP_015751236.1
82.3
3.4e-101
380.9
1009
399
Pver_g18667.t1
50.9
566
7.4e-146
529.3
978
848
Pver_g18668.t1
XP_020618503.1
91.3
410
7.3e-40
174.1
Pver_g18670.t2
XP_027043057.1
1019
1018
1855.9
1886
Pver_g18671.t1
XP_027042020.1
7.4e-82
314.7
253
Pver_g18672.t1
74.8
4.4e-101
378.6
Pver_g18673.t1
1263
368
1472
1676.0
1264
Pver_g18674.t1
204
77
3.3e-13
Pver_g18675.t2
66.5
456
173
2.0e-125
460.3
457
Pver_g18676.t1
XP_029210527.1
476
464
9.0e-129
471.5
899
Pver_g18677.t1
XP_027055047.1
508
741
7.6e-211
744.2
509
Pver_g18678.t1
75
110
180
1.5e-18
104.0
187
Pver_g18679.t2
XP_027043030.1
71.7
364
1.0e-134
490.3
Pver_g18680.t2
XP_029181919.1
45.6
1117
1156
1120
1.5e-238
837.4
1157
1127
Pver_g18681.t2
77.7
641
322
6.4e-138
502.3
642
Pver_g18682.t1
563
83
945
7.3e-189
671.4
594
1098
Pver_g18683.t1
XP_022810221.1
386
1.1e-186
663.3
Pver_g18684.t2
XP_022801198.1
67.3
693
673
2.0e-177
675
Pver_g18685.t1
176
1531
2097
644
2.3e-138
505.8
2539
Pver_g18686.t2
66.4
1047
1277.3
1725
1105
Pver_g18687.t2
877
1528.5
1626
Pver_g18688.t1
XP_022796400.1
67.7
148
3.3e-168
602.4
Pver_g18689.t1
XP_022799454.1
61.4
374
3.6e-115
426.4
Pver_g18690.t1
XP_027059991.1
64.5
114
631
4.5e-120
443.0
Pver_g18691.t1
62.9
1.1e-100
377.5
Pver_g18692.t1
62.8
209
3.6e-66
262.3
210
Pver_g18693.t1
5.8e-114
421.8
Pver_g18694.t1
96.0
1.2e-152
551.2
640
622
Pver_g18695.t1
74.6
78
331
5.2e-118
Pver_g18696.t1
5.0e-52
216.5
Pver_g18697.t1
48
981
1153
7.2e-57
231.9
2555
Pver_g18698.t1
XP_027048352.1
311
3.9e-117
432.2
Pver_g18699.t1
54.3
395
1488
2.1e-155
559.7
Pver_g18700.t2
472
65
803
1274
771
4.8e-230
Pver_g18701.t2
85.8
860
1337
3.0e-230
810.1
1338
Pver_g18702.t2
69.6
517
1085
6.9e-201
712.2
1086
Pver_g18703.t2
XP_027039478.1
47.5
7.8e-50
208.8
345
Pver_g18704.t1
XP_029183883.1
56.7
52
2.0e-135
493.4
428
Pver_g18705.t2
90.5
3222
3113
554
3652
5446.7
3114
Pver_g18706.t2
XP_027058949.1
98.1
1334
1322
2351.6
1975
Pver_g18707.t1
XP_022777689.1
78.3
1614
1574
1623
2397.1
1575
Pver_g18708.t1
XP_022791601.1
73.3
662
659
1.7e-274
956.1
678
Pver_g18709.t1
XP_022798802.1
72
71
2.3e-24
122.1
1066
Pver_g18710.t1
XP_022791600.1
1152
874
480
1625
1102.0
875
Pver_g18711.t1
60.8
109
317
330
7.6e-100
374.8
934
Pver_g18712.t2
XP_022810193.1
553
519
1.6e-223
786.9
Pver_g18713.t1
78.1
5.0e-65
258.5
420
Pver_g18714.t1
46.0
1974
699
2672
1107
1.6e-257
901.7
2760
Pver_g18715.t1.1.5de5cb2a
99.8
452
774
7.7e-263
916.8
Pver_g18716.t1
XP_027038262.1
53.1
3.2e-143
519.6
Pver_g18717.t1
XP_027043138.1
82.9
964
1228
1659
1610.9
1234
Pver_g18718.t1
XP_022809703.1
72.9
70
7.6e-23
117.1
Pver_g18719.t1
XP_027056679.1
193
5.9e-42
181.8
200
Pver_g18720.t1
48.3
876
980
412
1111
1.2e-116
987
1112
Pver_g18721.t1
XP_022808360.1
53.0
9.2e-167
598.2
Pver_g18722.t1
XP_029191358.1
42.1
4.4e-53
849
Pver_g18723.t1
XP_028419155.1
45.9
634
1013
4.1e-142
516.2
Pver_g18724.t1
XP_027042082.1
4.2e-169
604.7
Pver_g18725.t1
XP_027042065.1
1021
2040.0
1022
Pver_g18726.t1
XP_027042081.1
1.2e-69
274.2
273
Pver_g18727.t1
XP_027042046.1
96.2
1407
1393
2562.3
1397
1457
Pver_g18728.t1
44.2
857
3.0e-134
489.6
446
1586
Pver_g18729.t1
365
1.3e-67
268.5
Pver_g18730.t1
77.3
170
3.4e-62
248.8
Pver_g18731.t1
96.9
96
1.3e-43
187.2
Pver_g18732.t1
XP_027036645.1
74.5
4.6e-106
395.2
Pver_g18734.t1
1.0e-78
303.9
Pver_g18735.t1
XP_022797461.1
91
787
1337.8
797
Pver_g18736.t1
XP_022795547.1
80.2
1.1e-168
603.6
Pver_g18737.t1
XP_027036609.1
53.7
1.1e-96
365.2
Pver_g18738.t1
47.0
896
249
961
2.1e-133
487.6
968
Pver_g18739.t1
XP_027037993.1
8.6e-152
547.4
Pver_g18740.t2
XP_027037992.1
1102
41
1142
2562
2038.8
Pver_g18741.t1
XP_027039968.1
2.4e-113
419.5
Pver_g18742.t1
79.6
1.6e-87
333.2
Pver_g18743.t1
5.6e-44
188.0
Pver_g18744.t1
XP_029180310.1
382
1.0e-151
547.0
Pver_g18745.t1
61.7
1.5e-73
288.1
970
Pver_g18746.t2
75.6
4.5e-50
209.5
Pver_g18747.t1
237
2.6e-34
156.8
235
Pver_g18748.t1
218
1.2e-105
393.7
Pver_g18749.t1
XP_027053114.1
93.8
1.8e-252
882.5
Pver_g18750.t1
96.4
1.1e-56
231.1
Pver_g18751.t1
XP_022802428.1
46.2
602
930
7.2e-59
1115
Pver_g18752.t2
2281
2279
47
1892
2135.9
2078
Pver_g18753.t1
XP_027046711.1
2.8e-76
295.4
Pver_g18754.t1
XP_027046709.1
3.4e-219
771.5
388
Pver_g18755.t1
XP_027046707.1
2.0e-299
1038.5
Pver_g18756.t1
XP_027044170.1
86.0
2.9e-83
318.9
Pver_g18757.t1
XP_022780925.1
79.4
1.7e-127
468.4
Pver_g18758.t1
XP_027042399.1
3.1e-216
762.7
754
Pver_g18759.t1
68.2
1.5e-06
64.7
Pver_g18760.t1
186
4.0e-49
205.3
Pver_g18761.t1
XP_022808931.1
42.6
710
856
2.1e-156
564.3
988
Pver_g18762.t2
201
4.8e-42
182.6
Pver_g18763.t1
62.3
104
1.6e-207
733.4
Pver_g18764.t1
2.0e-180
642.9
425
Pver_g18765.t2
943
1.9e-191
680.6
955
Pver_g18766.t1
XP_022793440.1
70.5
163
1.5e-227
800.0
Pver_g18767.t1
77.1
2.0e-255
892.5
595
Pver_g18770.t1
77.6
474
1.6e-67
268.1
Pver_g18771.t1
XP_027059868.1
88.8
768
765
791
1246.9
853
Pver_g18772.t1
89.6
985
1583
1076.6
1608
726
Pver_g18773.t1
XP_027052993.1
96.5
184
1.2e-85
328.2
689
Pver_g18774.t1
XP_022800221.1
86.9
708
1237.2
707
712
Pver_g18775.t1
2.8e-59
239.6
216
Pver_g18776.t1
5.4e-174
622.1
552
Pver_g18777.t1
XP_032242465.1
58.8
1.3e-107
400.6
Pver_g18778.t1
XP_022801337.1
69.4
2.5e-226
797.0
1266
1248
Pver_g18779.t2
XP_027055188.1
73.0
1.7e-128
470.7
Pver_g18780.t1
XP_027055189.1
2.5e-127
465.7
246
Pver_g18781.t1
XP_027055175.1
1.5e-167
600.1
Pver_g18782.t1
XP_027055174.1
2.7e-194
688.7
354
Pver_g18783.t1
XP_027055166.1
66.1
5.5e-129
472.2
Pver_g18784.t1
XP_020607892.1
88.4
2.1e-84
323.6
Pver_g18785.t2
93.6
913
1410
3.4e-277
966.1
1411
Pver_g18786.t1
XP_027040102.1
103
164
2.5e-47
198.7
Pver_g18787.t1
XP_027040103.1
1170.2
664
Pver_g18788.t1
XP_027050758.1
481
5.6e-212
748.0
539
1363
Pver_g18789.t2
74.9
686
1636
2321
1.1e-281
2607
Pver_g18790.t1
XP_022797527.1
314
6.3e-141
Pver_g18791.t1
XP_022788865.1
67.4
432
5.1e-90
344.4
Pver_g18793.t1
XP_027059820.1
91.7
444
756
1199
3.5e-238
836.3
1206
Pver_g18794.t2
503
1.6e-89
Pver_g18795.t1
1.1e-151
Pver_g18796.t1
1.1e-45
194.9
Pver_g18797.t2
62.7
1754
2235
8.4e-177
633.3
2244
Pver_g18798.t1
XP_027042154.1
84.0
4.3e-124
455.7
Pver_g18799.t2
44.5
627
626
3.3e-116
430.6
887
406
Pver_g18800.t1
XP_027052447.1
41.2
416
2.8e-41
180.6
Pver_g18801.t1
3.4e-68
270.0
414
Pver_g18802.t1
XP_027053924.1
755
1562.4
Pver_g18803.t1
XP_027053928.1
97.2
4.4e-236
Pver_g18804.t1
XP_027053922.1
1325
2416.7
1270
Pver_g18805.t1
61.0
636
670
2.0e-206
729.9
671
Pver_g18806.t1
380
6.9e-80
308.1
Pver_g18807.t2
56.6
2325
2648
1505
2330.8
3259
1509
Pver_g18808.t1
44.8
8.7e-100
Pver_g18809.t1
XP_015760854.1
54.2
562
9.3e-119
438.7
692
Pver_g18810.t1
XP_015774482.1
Pver_g18811.t1
3.0e-21
112.1
Pver_g18812.t1
XP_027042980.1
98.9
1090.5
Pver_g18813.t2
XP_027042979.1
864
1687.5
865
Pver_g18814.t1
1.8e-105
Pver_g18815.t1
89.9
207
549
3.8e-96
Pver_g18816.t2
939
7.3e-247
864.8
Pver_g18817.t1
XP_027040282.1
2.5e-76
296.2
Pver_g18818.t2
XP_027040040.1
323
390
2.2e-176
629.4
1172
Pver_g18819.t1
XP_027040049.1
97.1
1665.6
835
Pver_g18820.t1
XP_027040110.1
3.1e-218
768.5
Pver_g18821.t1
66.2
3.9e-122
449.1
Pver_g18822.t1
XP_027041031.1
1549
1683
1.4e-69
273.1
Pver_g18823.t1
1295
8.1e-241
845.1
580
Pver_g18824.t1
2193
2188
1768
1411.7
2191
1778
Pver_g18825.t2
XP_027056864.1
352
3.3e-174
622.9
Pver_g18826.t1
XP_027056857.1
643
1314.3
666
Pver_g18827.t2
55.3
9.2e-143
518.5
685
831
Pver_g18828.t1
466.8
376
719
Pver_g18829.t1
XP_022788798.1
827
2.1e-119
439.9
Pver_g18830.t2
KXJ07644.1
31.9
843
793
1482
5.0e-89
340.5
1005
1985
Pver_g18831.t1
KXJ24898.1
48.4
9.9e-190
674.5
677
Pver_g18833.t1
XP_022800840.1
32.3
443
8.8e-44
888
Pver_g18834.t1
XP_020621398.1
4.0e-121
445.7
359
Pver_g18835.t1
XP_027057500.1
1.7e-100
Pver_g18836.t1
XP_027057496.1
375
6.7e-212
747.3
Pver_g18837.t1
1.6e-110
410.2
Pver_g18838.t1
1.9e-211
745.7
Pver_g18839.t1
XP_027057498.1
4.8e-185
657.9
Pver_g18840.t1
XP_027057499.1
9.2e-172
613.6
Pver_g18841.t1
XP_027057501.1
545
3.2e-279
971.5
Pver_g18842.t1
XP_027057494.1
582
1117.1
583
Pver_g18843.t1
1.1e-265
1045
Pver_g18844.t1
4.1e-26
Pver_g18845.t1
KXJ12533.1
3.5e-71
279.3
742
Pver_g18846.t1
XP_015779932.1
54.8
8.4e-151
545.0
Pver_g18847.t1
XP_020915653.1
36.5
1336
1297
1783
1.0e-214
758.4
1303
2115
Pver_g18848.t1
XP_015758294.1
590
785
8.2e-165
592.4
1329
Pver_g18849.t1
4.2e-280
975.3
1052
Pver_g18850.t1
70.4
9.3e-208
733.8
Pver_g18851.t1
XP_027044983.1
4.0e-184
654.8
Pver_g18852.t1
XP_027041482.1
79.0
429
5.9e-188
667.9
Pver_g18853.t1
58.5
413
830
4.9e-133
485.7
953
Pver_g18854.t1
65.8
1249
1155
1214
1406.7
1158
1342
Pver_g18855.t1
47.8
956
1184
5.5e-220
775.8
1191
4817
Pver_g18856.t2
227
4.8e-88
335.1
Pver_g18857.t1
XP_022791356.1
484
469.5
Pver_g18858.t1
1.9e-124
456.4
Pver_g18859.t1
XP_027060423.1
88.3
3.1e-198
701.8
Pver_g18860.t1
XP_027041150.1
71.1
226
8.7e-86
327.8
260
Pver_g18861.t1
XP_027041149.1
47.6
2.6e-103
386.7
Pver_g18862.t1
95.4
9.7e-70
273.9
Pver_g18863.t2
XP_027036752.1
92.3
1.1e-131
480.3
Pver_g18864.t1
4.5e-68
Pver_g18865.t1
XP_020619116.1
1.1e-66
264.6
Pver_g18866.t1
KXJ06434.1
6.2e-130
475.3
Pver_g18868.t1
XP_020623413.1
77.0
684
1102.4
Pver_g18869.t1
XP_022796237.1
1.3e-262
916.4
Pver_g18870.t1
XP_022796239.1
84.3
2.4e-249
872.1
Pver_g18871.t1
XP_022796222.1
84.9
1182
1173
1953.7
Pver_g18873.t2
XP_027044236.1
8.1e-230
807.4
Pver_g18874.t1
XP_027044238.1
2.8e-58
235.3
Pver_g18875.t1
780
8.8e-302
1047.0
811
974
Pver_g18876.t1
XP_027044235.1
7.7e-228
800.8
Pver_g18877.t1
XP_027044242.1
2.4e-275
958.4
Pver_g18878.t1
XP_022793640.1
744
739
6.4e-266
927.5
743
Pver_g18879.t1
XP_022793632.1
87.0
8.1e-192
Pver_g18880.t1
3.1e-289
1004.6
Pver_g18881.t1
XP_022782787.1
53.9
1.6e-25
127.5
Pver_g18882.t1
XP_027040971.1
90.2
7.4e-80
308.9
Pver_g18883.t1
83.2
6.6e-41
179.5
Pver_g18884.t1
XP_027049371.1
7.7e-173
617.5
Pver_g18885.t1
306
5.8e-145
524.6
Pver_g18886.t1
XP_029181164.1
1.9e-100
376.7
Pver_g18887.t1
69.0
1369
1367
1758.8
1330
Pver_g18888.t2
XP_027058180.1
479
6.3e-189
Pver_g18889.t1
66.9
617
6.8e-186
661.8
Pver_g18890.t1
71.8
769
2.2e-131
479.6
894
Pver_g18891.t1
76.4
997
1454.1
Pver_g18892.t1
171
1.7e-72
283.1
Pver_g18893.t1
144
2.6e-78
Pver_g18894.t1
7.3e-124
454.5
Pver_g18895.t1
XP_027055148.1
94.0
1.2e-33
153.7
Pver_g18896.t1
XP_027046567.1
71.6
873
846
1204.5
1532
Pver_g18897.t1
591
592
9.4e-233
884
Pver_g18898.t1
83.6
2.4e-70
275.8
1028
Pver_g18899.t1
XP_022784367.1
85.1
282
1.8e-138
Pver_g18900.t1
87.2
1412
453.4
1413
Pver_g18901.t1
XP_027049770.1
1.6e-244
855.9
Pver_g18902.t1
XP_027049771.1
5.4e-49
204.1
Pver_g18903.t1
XP_027049773.1
6.1e-88
334.7
Pver_g18904.t2
94.3
1.1e-222
783.1
Pver_g18905.t1
XP_027049768.1
2.3e-257
899.0
Pver_g18906.t2
49.1
900
1382
5.0e-203
719.2
960
Pver_g18907.t1
XP_027054882.1
83.5
1.3e-68
271.6
Pver_g18908.t1
XP_027056851.1
1.8e-142
516.9
Pver_g18909.t1
XP_027056849.1
95.7
4.1e-246
861.3
Pver_g18910.t1
XP_027050618.1
80.4
969
3.1e-228
803.5
1491
Pver_g18911.t2
XP_027052346.1
90.0
5.4e-70
275.4
Pver_g18912.t2
86.8
1.1e-27
134.8
Pver_g18913.t1
XP_029181058.1
229.2
389
Pver_g18914.t1
87.8
2.1e-26
131.3
Pver_g18915.t1
XP_029196916.1
74.7
9.2e-107
397.5
Pver_g18916.t2
XP_029189698.1
577
4.0e-131
578
Pver_g18917.t1
XP_029183132.1
4.8e-90
Pver_g18918.t1
89.2
208
1.9e-137
500.7
651
Pver_g18919.t1
XP_027047691.1
64.8
1.8e-86
330.9
Pver_g18920.t1
1.5e-30
144.4
912
Pver_g18921.t1
3.7e-172
615.9
1478
Pver_g18922.t1
763
779
1332
3.1e-192
682.9
Pver_g18923.t1
XP_027043946.1
5.9e-150
541.2
308
Pver_g18924.t2
75.1
869
861
1601
1240.3
3134
Pver_g18925.t1
XP_022797440.1
7.1e-37
164.5
Pver_g18926.t2
4.1e-128
469.2
Pver_g18927.t1
72.7
4.6e-276
961.4
Pver_g18928.t1
XP_027043155.1
89.0
8.5e-69
Pver_g18930.t1
XP_020601027.1
58.2
3.7e-156
563.1
Pver_g18931.t1
XP_027055777.1
9.9e-211
743.4
Pver_g18932.t1
XP_027055792.1
7.8e-278
966.8
Pver_g18933.t1
XP_020610844.1
1296
1637.1
975
Pver_g18934.t1
XP_022799658.1
88.0
9.6e-150
540.4
Pver_g18935.t1
XP_022800065.1
1026
7.2e-256
894.8
Pver_g18936.t1
XP_029203049.1
71.2
1.5e-148
Pver_g18937.t1
XP_027057363.1
1106
1113
1360.1
Pver_g18938.t1
XP_027057362.1
1.4e-22
116.7
Pver_g18939.t1
59.7
1.0e-265
927.2
832
1503
Pver_g18940.t1
XP_015775912.1
96.6
9.7e-309
1070.8
1377
653
Pver_g18943.t1
XP_020604966.1
471
1.1e-62
251.5
746
Pver_g18944.t1
5.1e-19
105.1
Pver_g18946.t1
235.7
674
1542
Pver_g18947.t1
1.6e-19
109.4
845
Pver_g18948.t1
9.5e-22
Pver_g18949.t1
XP_022809888.1
64.9
7.3e-133
485.3
Pver_g18950.t1
1.2e-51
213.8
Pver_g18951.t1
38.9
1055
1.1e-181
648.3
992
1071
Pver_g18952.t1
1.1e-75
293.5
Pver_g18953.t2
808
1611.3
1320
Pver_g18954.t1
XP_022797806.1
68.6
1890
1850
1832
2273.4
1851
Pver_g18955.t1
XP_020624654.1
92.9
142.9
Pver_g18956.t1
XP_022804875.1
179
1.9e-76
Pver_g18957.t1
XP_027056962.1
50.4
89
4.7e-95
Pver_g18958.t1
XP_029184090.1
79.3
1138
2414
3378
1730.7
3740
Pver_g18959.t1
7.0e-85
325.1
Pver_g18960.t1
1043
9.5e-20
107.8
Pver_g18961.t1
822
9.1e-198
700.7
Pver_g18962.t1
XP_027036138.1
8.2e-70
Pver_g18963.t1
XP_027036146.1
9.1e-74
287.0
Pver_g18964.t1
905
1670.6
1101
1437
Pver_g18965.t1
XP_027036140.1
58.0
2.4e-174
623.6
Pver_g18966.t1
XP_022802296.1
75.8
991
983
1468.8
986
Pver_g18967.t1
810
863
3.0e-175
625.9
937
Pver_g18968.t2
XP_027049613.1
1.3e-228
804.3
1050
Pver_g18969.t2
41.5
650
1.7e-125
Pver_g18970.t2
75.5
977
982
1456.0
979
Pver_g18971.t1
XP_027036294.1
1.1e-81
313.5
Pver_g18972.t1
XP_027036291.1
1.8e-66
262.7
Pver_g18973.t1
XP_027036284.1
2.9e-116
428.7
Pver_g18974.t2
88.9
1002
890
1540.8
1003
Pver_g18975.t1
80.0
1.6e-103
387.1
Pver_g18976.t1
1.7e-87
Pver_g18977.t2
60.0
792
4.0e-174
Pver_g18978.t1
XP_032226174.1
37.7
938
1171
2.0e-166
597.4
867
1174
Pver_g18979.t2
XP_027037725.1
78.9
1.7e-195
693.3
Pver_g18980.t1
XP_022803733.1
529
747
8.7e-195
691.4
751
Pver_g18981.t1
XP_029205456.1
58.3
718
1.7e-176
630.6
1147
Pver_g18982.t1
1.5e-22
117.9
Pver_g18983.t1
29.8
5.2e-07
Pver_g18984.t1
XP_022805858.1
61.8
505
7.4e-173
617.8
Pver_g18985.t2
KXJ07161.1
936
1368
1.7e-149
542.3
1913
1560
Pver_g18986.t2
XP_022806002.1
3.2e-231
812.4
706
Pver_g18987.t1
35.8
600
3.2e-72
284.6
Pver_g18988.t1
XP_029183516.1
752
1162
1775
8.9e-273
950.7
1925
Pver_g18989.t1
2.4e-69
272.7
Pver_g18990.t1
8.9e-165
590.5
Pver_g18991.t1
XP_027060456.1
1.7e-62
249.2
Pver_g18992.t1
KXJ06344.1
1.2e-98
370.2
Pver_g18993.t1
XP_027060457.1
92.2
4.1e-152
548.9
Pver_g18994.t1
XP_022808960.1
1323
1085.5
Pver_g18995.t1
XP_029196197.1
77.5
1247
1384
7.0e-57
233.0
1538
Pver_g18996.t1
52.6
1846
1151
1.7e-255
894.4
1847
Pver_g18997.t1
69.9
1.3e-186
664.5
Pver_g18999.t1
XP_020601463.1
38.2
3.1e-28
137.9
Pver_g19000.t1
XP_027055062.1
73.5
1.8e-56
Pver_g19001.t1
XP_027055090.1
2.4e-94
355.9
Pver_g19002.t1
86.1
2.0e-119
439.5
Pver_g19003.t1
XP_027040965.1
4.5e-18
101.7
Pver_g19004.t1
4.0e-35
158.3
Pver_g19005.t1
XP_027049653.1
9.0e-145
Pver_g19006.t1
3.7e-100
375.9
Pver_g19007.t1
1.1e-90
Pver_g19008.t1
1.1e-211
746.5
Pver_g19009.t1
XP_028519493.1
2.0e-18
103.6
711
Pver_g19010.t1
XP_029210543.1
1.1e-107
401.0
Pver_g19011.t1
XP_027057331.1
1.6e-222
782.7
Pver_g19012.t1
XP_022786655.1
6.7e-179
637.5
Pver_g19013.t1
XP_027050546.1
931
3.5e-300
1041.2
Pver_g19014.t1
1.4e-248
869.4
Pver_g19015.t1
57.8
1077
9.3e-263
917.5
2206
Pver_g19016.t1
XP_004705985.1
57.0
2.6e-58
236.1
Pver_g19017.t1
XP_027048227.1
1084
1170
1637.5
1187
Pver_g19018.t1
XP_029180981.1
36.2
1259
1286
2.3e-177
Pver_g19019.t1
XP_027038953.1
1.1e-213
753.4
Pver_g19020.t1
XP_027038952.1
1139
1128.6
1140
Pver_g19021.t2
XP_022809917.1
143
1257
766
3.4e-284
989.2
1258
Pver_g19022.t1
6.1e-66
261.9
Pver_g19023.t1
XP_027043352.1
1.4e-250
877.1
688
Pver_g19024.t1
53.2
1.4e-142
517.3
Pver_g19025.t1
XP_015771838.1
6.1e-139
504.6
1317
Pver_g19026.t1
XP_022784687.1
1032
2.2e-12
1241
Pver_g19027.t1
XP_020610650.1
39.1
1662
3.2e-242
850.1
1667
1660
Pver_g19029.t2
XP_022807197.1
483
1.3e-214
756.9
Pver_g19030.t2
8.4e-172
614.4
1096
Pver_g19031.t1
63.9
7.0e-170
608.2
Pver_g19032.t1
XP_027058829.1
3.0e-135
492.3
Pver_g19033.t1
XP_027058831.1
709
1304.7
1008
Pver_g19034.t1
75.3
2.6e-158
569.3
1181
Pver_g19035.t2
81.1
2089
2010
1958
3090.8
2064
Pver_g19036.t2
42.7
984
8.0e-205
724.9
Pver_g19037.t1
2.6e-104
390.2
Pver_g19038.t2
XP_027057310.1
2.4e-107
399.4
Pver_g19039.t1
73.8
4.5e-154
556.6
Pver_g19040.t1
XP_027036560.1
2.4e-90
344.0
Pver_g19041.t1
5.7e-142
515.0
Pver_g19042.t1
XP_040569626.1
82.1
1.4e-41
Pver_g19043.t1
6.6e-209
738.0
Pver_g19044.t1
8.6e-08
68.9
Pver_g19045.t1
XP_027035944.1
7.1e-133
484.2
Pver_g19046.t1
XP_027035935.1
1707
1702
3165.2
1708
Pver_g19047.t1
XP_027035943.1
8.7e-218
766.9
Pver_g19048.t1
XP_020627990.1
1.8e-85
326.6
Pver_g19049.t1
XP_027035937.1
1430.2
Pver_g19050.t3
KXJ27751.1
44.4
1.9e-139
508.8
1758
1195
Pver_g19051.t1
XP_027041277.1
1275.0
1655
2029
Pver_g19052.t1
XP_029182165.1
43.1
777
1226
5.8e-210
741.9
782
1227
Pver_g19053.t1
9.3e-87
Pver_g19054.t1
9.0e-100
Pver_g19055.t1
2.8e-73
286.6
Pver_g19056.t1
XP_027058263.1
1.5e-139
506.9
Pver_g19057.t1
7.7e-37
165.6
1072
Pver_g19058.t1
1648
1969
6.1e-123
454.1
1972
Pver_g19059.t1
XP_022810589.1
59.1
1110
1398.6
1321
Pver_g19060.t1
XP_022799527.1
1638
1645
1701
2764.2
6949
Pver_g19061.t1
XP_022790285.1
94.5
2.4e-237
832.0
Pver_g19062.t2
XP_027053455.1
2.9e-36
162.9
Pver_g19063.t1
1.4e-212
750.4
Pver_g19064.t1
XP_022790116.1
358
3.7e-160
577.0
Pver_g19065.t1
3.6e-204
722.2
Pver_g19066.t1
XP_027045369.1
7.4e-99
372.1
Pver_g19067.t1
XP_015750414.1
8.9e-91
344.7
Pver_g19068.t1
XP_015751509.1
3.1e-89
339.0
Pver_g19069.t1
XP_015773451.1
44.1
3.6e-71
280.0
Pver_g19070.t2
625
1404
1210
3.5e-219
773.5
1514
Pver_g19071.t1
68.3
1624
2.1e-222
784.3
1627
Pver_g19072.t1
XP_027036607.1
61.6
6.6e-63
253.1
Pver_g19073.t1
71.3
1.2e-242
1076
Pver_g19074.t1
43.6
576
1122
1.9e-88
337.0
Pver_g19075.t1
XP_022804880.1
813
1.7e-300
1042.7
814
862
Pver_g19076.t1
XP_029180600.1
81.7
1099
1.4e-188
1100
Pver_g19077.t2
KXJ10492.1
45.8
7.1e-94
356.3
Pver_g19078.t1
660
1399
7.8e-217
764.2
1402
Pver_g19079.t1
XP_029206962.1
1441
1436
1464.1
1889
1455
Pver_g19080.t1
5.1e-18
102.1
Pver_g19081.t1
XP_022797717.1
1578
1441.0
1606
3039
Pver_g19082.t1
KXJ28722.1
36.8
1.5e-45
193.7
737
Pver_g19083.t2
XP_027046916.1
1194
1289
2.8e-235
826.6
1197
1291
Pver_g19084.t1
1213
1.1e-226
798.1
Pver_g19085.t2
XP_027050449.1
75.4
5.7e-37
164.9
Pver_g19086.t1
1444
1035
1761.1
1577
2203
Pver_g19087.t1
XP_015756712.1
42.8
1073
1054
1.8e-218
770.4
902
Pver_g19088.t1
1038
1.4e-233
Pver_g19089.t1
1216.4
750
Pver_g19090.t3
XP_027053324.1
1240
1770.7
Pver_g19091.t1
XP_027060041.1
1.1e-279
973.0
Pver_g19092.t1
95.5
2.8e-137
499.6
Pver_g19093.t1
316
3.1e-93
352.8
Pver_g19094.t1
XP_015778553.1
8.1e-238
834.3
1064
Pver_g19095.t1
67.8
1.3e-251
880.2
Pver_g19096.t1
XP_027037185.1
1.4e-198
703.0
Pver_g19097.t1
XP_022805818.1
95.3
1224
2242.2
Pver_g19098.t1
XP_022805771.1
3.5e-234
822.0
Pver_g19099.t1
76.5
2.4e-125
459.5
1419
Pver_g19100.t1
38.3
2262
1188
2258
1254.2
Pver_g19101.t1
833
3.2e-108
402.1
Pver_g19102.t1
XP_027053254.1
1251
2399.8
1250
Pver_g19103.t1
XP_027053252.1
4.3e-197
698.0
Pver_g19105.t1
XP_027056988.1
6.4e-35
158.7
Pver_g19106.t3
2004
2789
3190
1552.7
3073
Pver_g19107.t2
435
5.3e-177
632.9
Pver_g19108.t1
76.6
730
4.0e-302
1048.1
817
Pver_g19109.t1
XP_022803128.1
3.0e-214
756.1
Pver_g19110.t1
1.9e-62
250.8
Pver_g19111.t1
98.2
1.0e-20
111.3
Pver_g19112.t1
2.5e-26
128.6
Pver_g19113.t1
XP_028417008.1
1398
855
9.5e-203
718.8
1403
1394
Pver_g19114.t1
947
1388
5.3e-274
954.9
948
Pver_g19115.t1
27.1
1063
2.8e-83
320.5
Pver_g19116.t1
49.8
8.7e-51
211.8
Pver_g19119.t1
XP_022790908.1
1.9e-295
1026.5
1262
1196
Pver_g19120.t1
XP_015760225.1
1.3e-81
313.9
Pver_g19121.t1
1621.3
1333
Pver_g19122.t2
1866
2257
649.4
Pver_g19123.t1
8.2e-72
281.2
Pver_g19124.t1
1.4e-121
446.8
Pver_g19125.t2
1.4e-98
371.7
Pver_g19126.t1
1.6e-91
348.6
891
Pver_g19127.t1
XP_022786332.1
43.3
1.0e-94
358.6
Pver_g19128.t1
XP_027046439.1
2.7e-129
Pver_g19129.t2
1.8e-155
560.5
Pver_g19130.t1
XP_027046443.1
77.9
1.6e-117
433.3
Pver_g19131.t1
XP_027046442.1
3.4e-274
955.3
Pver_g19132.t1
XP_027037980.1
87.1
6.3e-136
494.6
Pver_g19133.t1
4.6e-167
599.0
Pver_g19134.t1
60.7
2.0e-26
Pver_g19135.t1
1.1e-104
391.7
Pver_g19136.t2
76.0
1.3e-249
874.4
1189
Pver_g19137.t1
XP_029198623.1
9.2e-60
241.5
518
Pver_g19138.t1
3.0e-46
198.0
Pver_g19139.t1
5.5e-45
192.2
Pver_g19140.t1
XP_027059192.1
6.6e-14
Pver_g19141.t2
XP_027059191.1
5.0e-13
85.9
Pver_g19142.t2
XP_027054224.1
73.7
1.9e-122
449.9
Pver_g19143.t1
XP_022794675.1
535
2.3e-175
626.3
Pver_g19144.t1
8.6e-172
Pver_g19146.t1
92.0
4.1e-118
435.6
Pver_g19147.t1
63.0
2.0e-78
Pver_g19148.t1
KXJ05551.1
3.4e-238
835.5
Pver_g19149.t2
XP_022794879.1
80.9
573
2.8e-91
346.7
Pver_g19150.t1
4.1e-72
282.3
Pver_g19151.t1
XP_027042563.1
9.9e-66
260.4
Pver_g19152.t1
58.9
1.1e-150
543.9
Pver_g19153.t1
2.2e-207
732.6
Pver_g19154.t1
1.4e-191
Pver_g19155.t1
57.6
1.4e-182
650.2
1379
Pver_g19156.t1
XP_029209463.1
54.5
3.2e-98
369.0
Pver_g19157.t1
80.3
1.2e-223
788.1
Pver_g19158.t1
1.0e-86
330.5
Pver_g19159.t1
XP_027038957.1
473.4
Pver_g19160.t1
XP_027038961.1
1906.0
Pver_g19161.t1
3.8e-218
768.1
Pver_g19162.t1
XP_027057322.1
7.9e-177
Pver_g19163.t1
2.8e-162
Pver_g19164.t1
XP_027040101.1
84.7
691
4.3e-308
1067.8
Pver_g19165.t1
XP_020602797.1
5.8e-253
884.4
Pver_g19166.t1
1284.6
847
Pver_g19167.t1
6.9e-159
570.9
Pver_g19168.t1
XP_029206958.1
58.6
5.4e-19
105.5
Pver_g19169.t1
XP_027052500.1
2.4e-195
692.2
Pver_g19170.t1
XP_027052499.1
1.5e-234
822.8
Pver_g19171.t1
XP_027059595.1
2.2e-122
449.5
Pver_g19172.t1
35.5
1219
1764
2.5e-169
607.1
Pver_g19173.t1
XP_022797969.1
4.2e-163
585.1
Pver_g19174.t1
4.6e-90
342.0
Pver_g19175.t1
2.8e-151
546.6
Pver_g19176.t1
81.9
4.5e-48
202.2
Pver_g19177.t2
9.8e-77
299.3
767
Pver_g19178.t2
3.3e-209
740.3
1522
Pver_g19179.t1
XP_020613981.1
35.4
6.2e-29
139.4
Pver_g19181.t2
57.9
1313
1825
6.2e-146
812
Pver_g19182.t1
2111.3
Pver_g19183.t1
XP_027039463.1
4.1e-153
551.6
Pver_g19184.t1
XP_027040846.1
62.6
1.1e-148
538.1
Pver_g19185.t1
1.2e-198
703.4
Pver_g19186.t1
3.2e-111
414.1
Pver_g19187.t1
53.8
5.2e-17
Pver_g19188.t2
XP_027051673.1
1.4e-144
524.2
Pver_g19189.t2
57.5
2135
2768
1523
9.9e-231
812.8
2872
Pver_g19190.t1
XP_022805927.1
52.4
8.2e-105
391.3
Pver_g19191.t1
XP_022785512.1
3320
1108
3349
3311
4298.4
3355
3533
Pver_g19192.t2
XP_022809601.1
71.4
949
1307.0
1001
Pver_g19193.t1
XP_027056158.1
915
1.6e-146
529.6
Pver_g19194.t1
XP_027056171.1
3.3e-245
858.2
Pver_g19195.t1
XP_027056125.1
1695
1691
3007.6
1696
Pver_g19196.t2
XP_022777558.1
1.8e-13
Pver_g19197.t2
XP_022800360.1
4.5e-161
578.6
Pver_g19198.t1
XP_022799963.1
1855
1.9e-190
678.7
2493
1878
Pver_g19199.t1
XP_029196934.1
2.5e-80
310.8
Pver_g19200.t1
XP_015770411.1
93.1
1254
1349
2322.7
1992
Pver_g19201.t1
XP_027042010.1
1.7e-44
189.1
Pver_g19202.t2
XP_027042013.1
2.1e-49
205.7
Pver_g19203.t1
XP_022805867.1
Pver_g19204.t1
XP_027038620.1
607
1198.3
Pver_g19205.t1
1352
1103
1539.6
1277
1706
Pver_g19206.t1
1.1e-37
167.2
701
Pver_g19207.t1
1362
1089
1351
1513.8
Pver_g19208.t1
XP_022778282.1
38.7
147
922
4.6e-139
1236
Pver_g19209.t1
1761
3.0e-112
416.0
Pver_g19210.t1
7.2e-28
135.2
Pver_g19211.t1
1.9e-46
Pver_g19212.t1
1.6e-77
300.4
Pver_g19213.t1
Pver_g19214.t1
762
672
5.2e-308
Pver_g19215.t1
7.5e-59
Pver_g19216.t1
XP_027044944.1
2.3e-273
951.8
Pver_g19217.t1
XP_027044939.1
8.7e-226
793.9
Pver_g19218.t1
XP_027044940.1
6.2e-171
610.9
Pver_g19219.t1
781
786
1333.5
Pver_g19220.t1
XP_022804862.1
8.8e-251
876.7
Pver_g19221.t1
XP_027059370.1
2.4e-255
Pver_g19222.t1
XP_027059371.1
3.5e-44
188.7
Pver_g19223.t1
1.3e-122
451.1
Pver_g19224.t1
XP_015774487.1
409
1.0e-92
350.9
283
Pver_g19225.t1
33.6
8.6e-77
298.1
Pver_g19226.t1
34.6
878
1.3e-90
Pver_g19227.t2
XP_020631868.1
59.2
1253
5.7e-138
503.8
1679
Pver_g19228.t1
4.6e-121
445.3
Pver_g19229.t2
XP_029200930.1
50.3
4.8e-106
396.4
Pver_g19230.t1
63.3
1.7e-54
223.8
Pver_g19231.t1
2.1e-209
740.0
Pver_g19232.t1
XP_027054287.1
2327.7
1207
Pver_g19233.t1
XP_020629946.1
52.2
1202
2.0e-47
201.4
2522
Pver_g19234.t1
XP_015751544.1
3.1e-195
Pver_g19236.t2
XP_027060620.1
90.4
7.9e-145
525.4
Pver_g19238.t1
XP_027040576.1
8.6e-216
760.8
Pver_g19239.t1
1.3e-10
Pver_g19240.t1
XP_027059138.1
2.1e-194
689.1
Pver_g19241.t1
5.2e-272
947.2
Pver_g19242.t1
XP_027059151.1
2.1e-46
195.7
Pver_g19244.t1
XP_027046681.1
2.1e-265
925.6
Pver_g19245.t2
XP_027046683.1
91.5
872
807
1565.8
Pver_g19246.t1
XP_027052611.1
89.7
1501
1391
1499
2627.4
1392
Pver_g19247.t1
XP_027052585.1
1.2e-102
383.3
Pver_g19248.t1
196
2.3e-105
392.5
Pver_g19249.t1
XP_027046367.1
3.8e-210
741.5
Pver_g19250.t2
XP_022786038.1
1734
1797
2909.0
4428
Pver_g19251.t1
82.2
4430
4437
7374.6
4438
Pver_g19252.t1
XP_022788669.1
1328.5
757
Pver_g19253.t1
XP_027059649.1
1.4e-31
146.0
Pver_g19254.t1
XP_022788659.1
71.0
1396
1948.3
Pver_g19255.t1
XP_027059709.1
2.7e-65
258.8
Pver_g19256.t1
1545
2088
1.6e-225
795.0
2101
Pver_g19257.t1
XP_022790343.1
2.4e-158
Pver_g19258.t1
XP_022779849.1
5.5e-77
298.9
Pver_g19259.t1
1582
1819
7.4e-129
Pver_g19260.t1
XP_027055703.1
950
4.3e-37
Pver_g19261.t1
836
1.8e-99
Pver_g19262.t2
XP_022797544.1
1896
1845
1879
2682.5
Pver_g19263.t2
XP_022797579.1
1276
2293
1831.2
2296
1682
Pver_g19264.t1
XP_020896424.1
927
906
5.0e-270
1004
Pver_g19265.t2
648.7
1308
Pver_g19266.t2
1.6e-208
737.3
917
Pver_g19267.t1
45.7
593
8.5e-74
288.5
Pver_g19268.t1
XP_022777513.1
1620.5
Pver_g19269.t1
XP_027039480.1
1.4e-165
593.2
Pver_g19270.t2
XP_027039473.1
1666.0
Pver_g19271.t1
1755.3
1129
Pver_g19272.t1
XP_020908161.1
48.0
3.2e-50
209.9
Pver_g19273.t1
45.2
6.5e-105
392.9
Pver_g19274.t1
1230
1570
1216
1778.1
1591
Pver_g19275.t1
XP_027058487.1
1711.8
Pver_g19276.t2
XP_027058485.1
2.1e-63
253.8
Pver_g19277.t1
65.5
1242
2.2e-35
159.8
Pver_g19279.t2
1669
1854
4.6e-68
Pver_g19280.t1
4.4e-70
276.6
Pver_g19281.t2
1.2e-75
294.7
Pver_g19282.t1
64.1
Pver_g19283.t1
XP_022777670.1
83.1
1036
5.1e-192
683.3
1611
Pver_g19284.t1
KXJ24884.1
60.6
1.7e-45
193.4
Pver_g19285.t1
XP_027056289.1
801.6
Pver_g19286.t1
XP_027056288.1
1897.1
989
Pver_g19287.t2
KAG5706420.1
72.6
1.8e-61
247.7
Pver_g19288.t1
870
1404.8
Pver_g19289.t1
805
6.7e-85
325.9
Pver_g19290.t1
XP_027035860.1
1444.9
Pver_g19291.t1
36.0
2.0e-13
Pver_g19292.t1
XP_027047237.1
60.3
868
1.8e-131
481.1
Pver_g19293.t1
XP_027050443.1
9.8e-144
520.4
Pver_g19294.t1
6.2e-81
312.4
Pver_g19295.t1
XP_027039773.1
909
910
Pver_g19296.t1
XP_027039765.1
1058
1923.7
1059
Pver_g19297.t1
XP_022784491.1
1.9e-22
115.9
Pver_g19298.t1
85.6
1.1e-76
297.0
Pver_g19299.t1
89.4
3.1e-285
991.9
Pver_g19300.t2
1.4e-196
1177
Pver_g19301.t1
2.9e-132
483.4
Pver_g19302.t1
XP_027053103.1
4.8e-157
1463
Pver_g19303.t1
334.0
Pver_g19304.t1
829
1362.8
1185
Pver_g19305.t1
XP_020632469.1
8.5e-56
227.6
Pver_g19306.t2
3.8e-130
476.1
Pver_g19307.t2
Pver_g19308.t1
56.8
9.2e-52
214.9
Pver_g19309.t1
921
4.5e-209
739.2
Pver_g19310.t1
XP_027052474.1
1.1e-103
Pver_g19311.t1
XP_027052327.1
8.2e-266
926.8
Pver_g19312.t1
XP_027052435.1
2.1e-85
Pver_g19313.t1
XP_028410816.1
1090
1579
7.4e-107
398.3
1757
Pver_g19314.t3
50.5
9.5e-10
Pver_g19315.t2
XP_022800066.1
6.1e-248
867.8
Pver_g19316.t1
XP_027057661.1
3.8e-239
838.2
Pver_g19317.t1
XP_027057663.1
9.9e-127
463.8
Pver_g19318.t1
XP_027057743.1
2.7e-241
845.5
Pver_g19319.t1
XP_027057744.1
1.8e-242
849.0
Pver_g19320.t1
67.1
6.2e-271
944.9
1067
Pver_g19321.t1
XP_027039379.1
95.1
5.3e-72
Pver_g19322.t1
XP_027053689.1
971
4.3e-156
562.8
Pver_g19323.t1
8.4e-85
323.9
Pver_g19324.t1
3.3e-157
565.8
Pver_g19325.t1
XP_028408228.1
8.7e-190
674.1
Pver_g19326.t1
XP_027041805.1
5.3e-250
874.8
Pver_g19327.t1
47.4
1.4e-43
187.6
Pver_g19328.t1
2.8e-16
Pver_g19329.t1
5.3e-131
478.0
Pver_g19330.t1
XP_027043318.1
5.7e-105
Pver_g19331.t1
1.9e-239
839.7
Pver_g19332.t1
3.0e-165
Pver_g19333.t1
XP_027060672.1
1.1e-125
460.7
Pver_g19334.t1
XP_022785430.1
2.7e-125
Pver_g19335.t1
XP_027038182.1
89.3
3.1e-147
532.3
Pver_g19336.t2
XP_027054683.1
2.2e-88
336.7
Pver_g19337.t1
2.5e-28
137.5
Pver_g19338.t2
XP_020901347.1
3.5e-118
436.4
Pver_g19339.t1
1.4e-101
382.1
Pver_g19340.t1
XP_029180162.1
3.0e-30
141.7
Pver_g19341.t2
2.2e-168
604.4
Pver_g19342.t2
XP_027048572.1
44.6
334
1.3e-102
384.4
Pver_g19343.t2
XP_022802381.1
1.8e-123
453.8
Pver_g19344.t1
795
4.8e-239
839.0
Pver_g19345.t1
75.0
5.8e-07
Pver_g19346.t1
1492
2030.8
Pver_g19347.t1
XP_027055330.1
1.7e-185
659.4
Pver_g19348.t1
XP_027055318.1
2.2e-162
582.4
Pver_g19349.t1
XP_027059849.1
1651
3033.0
1652
Pver_g19350.t1
XP_020620596.1
80.5
3.6e-81
Pver_g19351.t2
36.7
3.4e-163
842
Pver_g19352.t2
588
3.9e-243
851.7
Pver_g19353.t2
1.6e-105
Pver_g19354.t1
8.3e-118
434.1
Pver_g19355.t1
71.9
6.5e-37
166.0
Pver_g19356.t2
XP_022797010.1
1.7e-126
464.9
Pver_g19357.t1
XP_027055336.1
1912
2008
1.1e-42
Pver_g19358.t1
XP_022800896.1
73.9
4.1e-103
385.6
Pver_g19359.t1
XP_022804668.1
50.7
1.6e-138
504.2
Pver_g19360.t1
537.3
Pver_g19361.t2
XP_022800892.1
74.3
1565
1020
1391.3
1566
Pver_g19362.t1
2.2e-145
Pver_g19363.t1
93.9
8.3e-44
Pver_g19364.t2
37.8
1079
6.0e-130
Pver_g19365.t1
XP_020619609.1
1007
5.5e-159
573.5
1569
Pver_g19366.t1
5.2e-129
471.9
Pver_g19367.t1
2.5e-281
979.2
Pver_g19368.t1
XP_022805081.1
2.1e-100
377.1
Pver_g19369.t1
1.5e-63
1000
Pver_g19370.t1
61.3
2.2e-153
553.1
Pver_g19373.t1
2.8e-102
384.0
Pver_g19374.t1
XP_027051688.1
7.4e-210
741.1
1595
Pver_g19375.t2
XP_020605398.1
9.1e-138
1559
Pver_g19376.t1
736.5
Pver_g19377.t1
37.0
3.5e-81
Pver_g19378.t1
XP_027041887.1
3.3e-103
386.0
Pver_g19379.t1
XP_027041960.1
91.0
442.2
Pver_g19381.t1
75.7
1171.4
Pver_g19382.t1
1462.6
1235
Pver_g19383.t1
1.4e-88
Pver_g19384.t1
XP_027059143.1
1.6e-137
871
Pver_g19385.t1
1040
1395.2
1593
Pver_g19386.t2
9.9e-215
Pver_g19387.t1
95.6
745
1449.5
Pver_g19388.t1
3.6e-97
367.1
Pver_g19389.t1
XP_027052301.1
1.2e-76
Pver_g19390.t1
XP_027052302.1
94.1
1.8e-93
Pver_g19391.t1
XP_022801685.1
2.4e-157
566.6
Pver_g19392.t1
9.4e-202
713.8
Pver_g19393.t2
XP_027043151.1
1130
1556.6
Pver_g19394.t2
XP_022807283.1
967
3.1e-99
995
Pver_g19395.t1
XP_022805761.1
51.4
1.7e-215
760.4
Pver_g19396.t1
XP_027056696.1
7.7e-146
528.1
Pver_g19397.t1
XP_027059597.1
1.1e-91
348.2
Pver_g19398.t1
2.0e-90
343.6
Pver_g19399.t1
XP_027050446.1
1.5e-161
580.1
397
Pver_g19400.t1
1536
1633
9.9e-33
151.4
2298
Pver_g19401.t2
XP_022786741.1
48.2
1.1e-46
Pver_g19402.t1
3.1e-259
904.8
Pver_g19403.t1
4.7e-100
375.2
Pver_g19404.t1
XP_022779231.1
93.0
4.1e-50
209.1
Pver_g19405.t2
XP_020626344.1
749
3.8e-217
Pver_g19406.t1
XP_027037679.1
8.6e-258
901.0
901
Pver_g19407.t2
1408
1520
1686.8
1307
Pver_g19408.t2
1543
1340.1
3253
Pver_g19409.t1
4.9e-125
458.0
Pver_g19410.t1
XP_029205810.1
3.2e-10
Pver_g19411.t1
43.2
1.6e-16
Pver_g19412.t1
XP_027055417.1
94.4
1188.3
Pver_g19413.t1
1254.6
609
Pver_g19414.t1
65.7
2.0e-129
Pver_g19415.t2
XP_027050944.1
1.6e-120
Pver_g19416.t1
XP_020896291.1
7.4e-15
Pver_g19417.t1
1543.5
2005
Pver_g19418.t1
XP_022804393.1
4.3e-66
Pver_g19419.t2
XP_027052112.1
942
1476
1165
1614.4
1477
Pver_g19420.t1
XP_027052134.1
3.5e-237
831.6
Pver_g19421.t1
XP_027052131.1
1312.0
Pver_g19422.t1
1741
1680
1731
3104.3
Pver_g19423.t1
XP_027056195.1
2.7e-103
Pver_g19424.t1
46.5
1359
4.9e-220
775.4
799
Pver_g19425.t1
87.7
1134
2.4e-132
482.6
1190
Pver_g19426.t1
819
Pver_g19427.t1
9.1e-210
Pver_g19428.t1
3.9e-192
Pver_g19429.t1
1.6e-152
550.8
2095
Pver_g19430.t1
3.5e-260
908.7
Pver_g19431.t1
9.8e-76
907
Pver_g19432.t1
XP_029210232.1
73.1
6.7e-108
401.7
Pver_g19433.t1
XP_022808245.1
4.1e-146
528.5
Pver_g19434.t1
1759
2228
2.6e-233
821.2
2695
Pver_g19435.t2
1360
1857.4
1856
3138
Pver_g19436.t1
XP_027052595.1
879
8.5e-99
370.5
Pver_g19437.t1
2.3e-123
453.0
Pver_g19438.t1
2.2e-55
Pver_g19439.t1
XP_027037723.1
3.1e-78
Pver_g19440.t1
XP_027036092.1
2.8e-146
Pver_g19441.t1
1.6e-124
Pver_g19442.t1
80.6
6.3e-92
347.8
Pver_g19444.t1
5.9e-225
792.3
1221
Pver_g19445.t1
91.8
1.3e-46
197.2
Pver_g19446.t1
XP_031570477.1
394.0
Pver_g19447.t2
43.0
1034
1416
7.7e-286
994.6
1489
Pver_g19448.t2
XP_027053290.1
544
4.1e-251
878.6
801
2221
Pver_g19449.t1
XP_022797079.1
2.8e-276
962.2
Pver_g19450.t1
XP_027047886.1
1133.2
Pver_g19451.t1
4.5e-146
Pver_g19452.t1
XP_022793677.1
50.2
1.1e-97
368.2
809
Pver_g19453.t1
XP_015779115.1
34.9
1.8e-27
133.7
Pver_g19454.t1
XP_029206260.1
44.7
2.9e-82
317.0
Pver_g19456.t2
1.9e-231
924
Pver_g19457.t1
XP_027049009.1
Pver_g19458.t1
6.9e-88
Pver_g19459.t1
KXJ20610.1
30.6
1.5e-41
182.2
Pver_g19460.t1
2.3e-66
263.5
Pver_g19461.t1
XP_029199709.1
2.4e-251
1347
Pver_g19462.t1
XP_028519057.1
6.2e-106
395.6
Pver_g19463.t1
XP_027038184.1
2.1e-30
143.7
Pver_g19464.t1
XP_027046826.1
93.5
4.5e-30
141.0
Pver_g19465.t1
XP_029206827.1
3.7e-169
605.5
Pver_g19466.t1
4.0e-126
1301
Pver_g19467.t1
3.5e-19
106.3
Pver_g19468.t1
XP_022803704.1
2.0e-140
509.6
Pver_g19469.t1
XP_027037085.1
9.5e-147
530.4
Pver_g19470.t1
800
788
1283.9
Pver_g19471.t1
XP_022803706.1
5.9e-108
Pver_g19472.t2
45.0
6.1e-98
Pver_g19473.t1
XP_027042610.1
3.8e-88
Pver_g19474.t1
1774
2.4e-190
677.9
1831
Pver_g19475.t1
XP_029194830.1
81.3
1.9e-57
Pver_g19476.t1
3.1e-76
Pver_g19477.t2
XP_027037282.1
2.7e-220
Pver_g19478.t2
XP_027041672.1
2.0e-101
379.4
Pver_g19479.t1
1.1e-23
121.3
Pver_g19480.t1
7.0e-40
Pver_g19481.t1
92.7
5.6e-155
558.1
Pver_g19482.t1
XP_027043152.1
5.4e-85
325.5
Pver_g19485.t1
1256.5
Pver_g19486.t1
XP_022795878.1
55.7
5.8e-25
124.8
Pver_g19487.t1
9.7e-64
254.2
Pver_g19488.t2
1584
1590
1557
2909.8
Pver_g19489.t2
XP_027050014.1
1646.3
Pver_g19490.t1
XP_027050016.1
2.0e-124
456.1
Pver_g19491.t1
1.7e-283
985.7
1621
Pver_g19492.t2
1799.6
Pver_g19493.t1
XP_029179313.1
4.6e-192
681.8
Pver_g19494.t1
XP_022796210.1
3.7e-140
1233
Pver_g19495.t1
70.1
5.3e-34
154.8
Pver_g19496.t2
8.3e-45
192.6
Pver_g19497.t1
XP_015752672.1
9.9e-16
Pver_g19498.t1
57.4
4.2e-67
266.9
Pver_g19499.t1
6.6e-130
474.9
Pver_g19500.t1
1.9e-29
140.2
Pver_g19501.t1
XP_022795110.1
59.8
534.3
Pver_g19502.t1
5.8e-66
Pver_g19503.t1
XP_027057038.1
2257.6
Pver_g19504.t1
2.1e-102
384.8
889
Pver_g19505.t1
XP_020615606.1
2.1e-44
Pver_g19506.t1
XP_027052361.1
1.8e-282
983.0
Pver_g19507.t1
XP_027052363.1
8.0e-133
484.6
Pver_g19508.t2
758
2.3e-52
218.8
Pver_g19510.t2
XP_022807523.1
1016
Pver_g19511.t1
XP_015778362.1
1.8e-22
116.3
Pver_g19512.t2
XP_022804731.1
48.7
6.3e-115
426.0
1517
Pver_g19513.t1
XP_027036151.1
8.6e-161
577.4
Pver_g19514.t1
8.2e-114
423.3
Pver_g19515.t1
5.5e-296
1028.1
Pver_g19516.t1
XP_027058551.1
1.6e-71
Pver_g19517.t1
68.0
1.9e-197
Pver_g19518.t1
XP_027058152.1
4.4e-200
708.0
Pver_g19519.t1
1.0e-56
230.3
Pver_g19520.t2
XP_031550052.1
66.6
2.9e-248
Pver_g19521.t2
XP_027043087.1
6.6e-134
488.0
Pver_g19522.t1
XP_029209668.1
53.3
904
2.3e-274
Pver_g19523.t1
3.5e-147
532.7
Pver_g19524.t1
KXJ07701.1
804
3.5e-72
283.5
Pver_g19525.t1
1.4e-64
256.5
Pver_g19526.t1
2.2e-161
579.7
Pver_g19527.t1
XP_022803080.1
1.2e-241
846.3
Pver_g19528.t1
XP_027036225.1
1.5e-187
666.8
Pver_g19529.t1
XP_027037814.1
90.8
9.4e-54
220.3
Pver_g19530.t2
1328
1242.6
1598
Pver_g19531.t1
2.1e-13
Pver_g19533.t1
XP_022786583.1
76.1
1.2e-202
717.6
Pver_g19534.t1
XP_022786652.1
95.0
2.9e-222
782.3
Pver_g19535.t1
Pver_g19536.t1
4.0e-232
815.1
Pver_g19537.t1
XP_022810167.1
51.9
3.5e-83
320.1
Pver_g19538.t1
XP_027035669.1
1.6e-215
759.6
Pver_g19539.t1
XP_027035676.1
9.5e-190
673.7
Pver_g19540.t1.1.5de5cb36
XP_027035691.1
5.6e-98
367.9
Pver_g19541.t1
XP_027035686.1
7.2e-208
Pver_g19542.t2
5.5e-41
178.3
Pver_g19543.t2
XP_027044042.1
1.8e-82
Pver_g19544.t1
XP_027044039.1
3.7e-69
Pver_g19545.t1
962
1167.5
Pver_g19546.t1
1.3e-14
Pver_g19547.t1
2.1e-10
Pver_g19548.t1
XP_027036213.1
1216.8
Pver_g19549.t1
44.3
2.1e-06
Pver_g19550.t2
Pver_g19551.t1
6.9e-64
255.8
Pver_g19552.t1
XP_015757475.1
1.2e-80
Pver_g19553.t1
5.8e-51
211.1
Pver_g19554.t1
XP_027054152.1
1.1e-34
157.1
Pver_g19555.t1
6.0e-44
Pver_g19556.t1
5.9e-236
828.2
Pver_g19557.t1
61.2
7.8e-158
567.8
Pver_g19558.t1
XP_015769850.1
Pver_g19559.t1
XP_015762064.1
3.2e-222
Pver_g19560.t1
XP_029199329.1
3.8e-225
792.7
1023
2174
Pver_g19561.t1
XP_015767461.1
1.1e-87
Pver_g19562.t1
31.0
2.0e-49
206.8
Pver_g19563.t1
2.1e-74
290.4
Pver_g19564.t1
2.4e-96
362.8
Pver_g19565.t2
KXJ14659.1
41.1
599
3.0e-76
1037
Pver_g19566.t1
KXJ21442.1
1.2e-110
411.8
2109
Pver_g19567.t1
1.8e-70
276.9
Pver_g19568.t2
56.0
1015
1525
1.9e-248
870.2
Pver_g19569.t1
4.2e-97
366.3
Pver_g19570.t1
XP_020914110.1
5.8e-178
636.3
820
Pver_g19571.t2
5.4e-59
Pver_g19572.t1
XP_027059438.1
84.6
4.0e-15
Pver_g19573.t2
XP_029206142.1
47.2
1516
1.2e-243
1576
Pver_g19574.t1
XP_027051113.1
3.0e-141
512.3
Pver_g19575.t1
XP_022786041.1
77.2
2659
2658
1677
4322
4118.5
2751
4353
Pver_g19576.t1
XP_015767475.1
59.0
3.6e-137
499.2
Pver_g19577.t1
XP_029204266.1
9.0e-143
518.1
516
Pver_g19578.t1
XP_029203053.1
60.2
1840
2613
1678
1994.2
2632
1724
Pver_g19579.t1
XP_029214382.1
1.9e-92
350.1
Pver_g19580.t1
3.9e-106
Pver_g19581.t2
6.0e-263
917.9
Pver_g19582.t1
XP_027045152.1
5.4e-123
451.4
Pver_g19583.t1
XP_020607738.1
1.3e-121
Pver_g19584.t1
XP_027042365.1
6.4e-114
Pver_g19585.t1
XP_022803805.1
3.0e-113
420.2
Pver_g19586.t1
2.0e-233
820.5
1211
1223
Pver_g19587.t1
43.5
1529
5.7e-149
Pver_g19588.t1
6.2e-50
Pver_g19589.t1
2673
2563
1949
4611
4766.1
2565
4834
Pver_g19590.t1
966
5.2e-176
Pver_g19591.t1
XP_027051337.1
7.7e-149
538.5
Pver_g19592.t1
1.0e-64
258.1
Pver_g19593.t1
1.6e-239
840.5
1053
Pver_g19594.t1
7.1e-220
774.6
Pver_g19595.t1
67.0
3.1e-67
267.7
Pver_g19596.t1
XP_027051409.1
1466
1.3e-217
767.3
Pver_g19597.t1
XP_027048817.1
9.4e-258
900.6
Pver_g19598.t2
4.7e-75
292.4
Pver_g19599.t1
1283
1423
7.7e-57
232.3
Pver_g19600.t2
9.4e-70
Pver_g19601.t1
XP_027056781.1
3.6e-230
808.1
Pver_g19602.t1
XP_015776194.1
458.4
Pver_g19603.t1
1.7e-253
886.7
925
Pver_g19604.t1
XP_027041659.1
5.3e-200
708.4
Pver_g19605.t1
XP_027056681.1
1355
1262.7
Pver_g19606.t1
KXJ06405.1
1.3e-53
220.7
Pver_g19607.t2
54.4
1149.8
1125
Pver_g19608.t1
5.1e-121
Pver_g19611.t1
XP_027047517.1
630
1252.3
Pver_g19612.t1
1.6e-65
Pver_g19613.t1
XP_020623472.1
2.6e-74
Pver_g19614.t1
XP_029180448.1
59.9
3.5e-104
389.8
Pver_g19615.t1
XP_029180449.1
3.1e-143
Pver_g19616.t2
2653
1709.9
3420
Pver_g19617.t1
4.0e-09
73.2
Pver_g19618.t2
XP_022787539.1
1844.3
Pver_g19619.t1
85.0
2.7e-16
Pver_g19620.t1
1.5e-80
311.2
Pver_g19621.t2
XP_022804561.1
694
5.4e-153
552.7
Pver_g19622.t1
XP_020609283.1
51.8
2.7e-108
404.1
Pver_g19623.t2
1348.2
Pver_g19624.t1
XP_022808161.1
84.5
1.9e-206
729.6
Pver_g19625.t1
XP_020621988.1
5.2e-44
Pver_g19626.t1
4.5e-55
225.7
Pver_g19627.t1
82.6
5.8e-42
181.0
Pver_g19628.t1
XP_015772436.1
68.7
3.9e-138
Pver_g19629.t1
55.0
940
2.6e-276
962.6
Pver_g19630.t1
XP_022796866.1
7.9e-14
Pver_g19631.t1
XP_022799197.1
72.1
1123
881
1187.6
1876
895
Pver_g19632.t1
45.5
8.1e-62
2118
Pver_g19633.t2
2.1e-196
696.0
Pver_g19634.t1
XP_029181738.1
57.2
1716
1792
1798
1914.8
1793
Pver_g19635.t1
1.7e-113
Pver_g19636.t1
XP_027047924.1
1.1e-73
288.9
Pver_g19637.t1
2.1e-147
535.0
Pver_g19638.t1
2.2e-82
Pver_g19639.t1
XP_022790763.1
1159
1302
1568
8.6e-124
2318
Pver_g19640.t1
Pver_g19641.t1
638
2.3e-116
429.5
Pver_g19642.t1
69.8
1.2e-272
949.9
Pver_g19643.t1
XP_022799064.1
8.4e-300
1040.8
1080
Pver_g19644.t2
XP_027053126.1
1643.2
Pver_g19645.t1
XP_027055700.1
5.3e-178
634.8
Pver_g19646.t1
80.7
3.4e-207
Pver_g19647.t1
XP_022781325.1
42.3
6.7e-33
152.9
Pver_g19648.t1
7.1e-22
Pver_g19649.t1
XP_027037866.1
9.0e-85
Pver_g19650.t1
KAG5692934.1
5.6e-111
Pver_g19651.t1
XP_022808331.1
3.1e-134
490.0
Pver_g19652.t1
XP_015761075.1
1907
1282.3
1916
Pver_g19653.t1
1.1e-154
557.4
Pver_g19654.t1
3.6e-297
1033.1
2245
Pver_g19655.t1
85.4
1.3e-85
327.4
Pver_g19656.t1
78.7
8.4e-173
1527
Pver_g19657.t3
XP_022794872.1
2.2e-57
234.2
Pver_g19658.t1
1093
2.6e-229
806.6
Pver_g19660.t1
8.2e-143
517.7
Pver_g19661.t2
59.3
914
1842
1068
1109.0
2110
1176
Pver_g19662.t1
9.5e-242
847.8
Pver_g19663.t1
Pver_g19664.t1
XP_027057694.1
88.5
7.3e-136
494.2
Pver_g19665.t1
XP_015763900.1
5.7e-83
319.3
Pver_g19666.t1
42.5
1.5e-83
Pver_g19667.t1
64.2
5.7e-56
Pver_g19668.t3
4.0e-230
Pver_g19669.t1
XP_027054718.1
7.4e-08
Pver_g19670.t1
KXJ09859.1
2.1e-29
Pver_g19671.t1
1.2e-236
831.2
Pver_g19672.t1
1327.8
Pver_g19673.t1
XP_029202938.1
2.6e-54
223.0
Pver_g19674.t1
XP_029182094.1
1.5e-61
Pver_g19675.t1
XP_015764362.1
1.5e-72
Pver_g19676.t2
3.3e-115
427.2
Pver_g19677.t1
2.0e-87
Pver_g19678.t1
XP_032232016.1
1048
1.3e-139
Pver_g19679.t1
1.4e-129
474.2
Pver_g19680.t1
93.3
1.9e-297
1032.7
Pver_g19681.t1
XP_027044359.1
3.7e-221
778.9
Pver_g19682.t1
XP_031568377.1
50.1
714
Pver_g19683.t2
89.5
3.1e-257
899.8
Pver_g19684.t1
XP_029210344.1
5.8e-59
239.2
Pver_g19685.t1
XP_031551230.1
40.1
1.0e-55
228.0
Pver_g19686.t1
CAG2250479.1
1424
1252
1259.6
1518
Pver_g19687.t1
XP_027053326.1
5.4e-121
444.9
Pver_g19688.t3
1.0e-184
713
Pver_g19689.t1
XP_027056201.1
1176.4
Pver_g19690.t1
XP_022785159.1
1.7e-293
1020.4
Pver_g19691.t1
XP_027039912.1
1.3e-78
305.1
Pver_g19692.t1
1.0e-223
Pver_g19693.t1
1.9e-259
906.4
Pver_g19694.t1
XP_015750160.1
2.9e-47
199.5
Pver_g19695.t1
XP_027046917.1
9.3e-48
201.1
Pver_g19696.t1
1.1e-155
561.2
Pver_g19697.t1
3.5e-127
466.1
Pver_g19698.t1
XP_020626252.1
53.5
1.5e-54
224.2
Pver_g19699.t1
KXJ08183.1
3.9e-79
306.2
1164
Pver_g19700.t1
XP_027050695.1
7.4e-245
857.4
Pver_g19701.t1
KXJ06740.1
3.7e-98
369.4
Pver_g19702.t2
2.2e-296
Pver_g19703.t1
XP_027054932.1
5.3e-61
Pver_g19704.t1
XP_022785114.1
3.0e-146
528.9
Pver_g19705.t1
1299.3
1364
Pver_g19706.t2
71.5
1272.7
Pver_g19707.t1
9.9e-10
Pver_g19708.t1
XP_027049570.1
1138.3
Pver_g19709.t2
XP_027043783.1
1323.5
Pver_g19711.t2
1.5e-125
Pver_g19712.t1
XP_027035704.1
1.2e-120
443.4
Pver_g19713.t1
858
1251.5
Pver_g19714.t2
3.9e-149
539.7
Pver_g19716.t1
XP_022787452.1
1146
1131
1487.2
Pver_g19717.t1
XP_022777476.1
2.9e-101
379.8
Pver_g19718.t1
6.6e-201
711.1
Pver_g19719.t2
XP_027038091.1
1602
1439
1563.5
1752
1443
Pver_g19720.t1
2.4e-221
780.0
Pver_g19721.t2
XP_022798919.1
1.2e-11
Pver_g19722.t2
1.4e-168
604.0
Pver_g19723.t1
8.8e-145
525.0
Pver_g19724.t1
1.1e-236
830.1
Pver_g19725.t1
5.5e-165
592.0
Pver_g19726.t1
3.1e-46
195.3
Pver_g19727.t1
1.0e-137
501.1
Pver_g19728.t1
2.5e-36
162.2
Pver_g19729.t1
1275.8
Pver_g19730.t1
2.6e-44
190.3
Pver_g19731.t2
XP_027037526.1
4.9e-69
Pver_g19732.t1
XP_022805709.1
1370.1
Pver_g19733.t1
2133
6.8e-61
246.1
2620
Pver_g19734.t1
XP_027055338.1
5.8e-26
128.3
Pver_g19735.t1
5.4e-35
159.1
Pver_g19736.t1
49.4
3.7e-88
1739
Pver_g19737.t1
XP_028517881.1
1550
1649
3.2e-28
137.1
2215
Pver_g19738.t1
2.2e-101
380.2
Pver_g19739.t1
4.1e-14
Pver_g19740.t1
3.2e-25
125.2
Pver_g19741.t1
XP_022803241.1
6.0e-23
Pver_g19742.t2
XP_027054391.1
1335.9
Pver_g19743.t1
8.3e-105
390.6
Pver_g19744.t1
1078.5
Pver_g19746.t1
1732
1451.4
1733
Pver_g19747.t1
2.5e-60
243.8
Pver_g19748.t1
2027
1.4e-201
713.4
Pver_g19749.t1
XP_027041649.1
2.3e-152
549.7
Pver_g19750.t1
XP_027051857.1
2.1e-288
1002.7
1132
Pver_g19751.t1
XP_022784674.1
6.8e-168
601.7
Pver_g19752.t1
1.2e-84
324.3
Pver_g19753.t1
XP_015759419.1
1.5e-47
Pver_g19754.t1
1.0e-124
458.8
Pver_g19755.t1
1.8e-26
130.2
Pver_g19756.t2
54.0
2376
3621
1250.7
2766
Pver_g19757.t1
1.0e-150
Pver_g19758.t1
1.2e-230
810.8
Pver_g19759.t1
1.1e-63
255.0
Pver_g19760.t1
783
4.0e-240
841.3
Pver_g19761.t1
XP_027051674.1
1.3e-54
224.6
Pver_g19762.t2
2.0e-164
589.3
Pver_g19763.t1
5.4e-46
196.8
Pver_g19764.t1
WP_101747856.1
54.9
1666
2.8e-233
Pver_g19765.t1
MBO9481779.1
1208.0
Pver_g19766.t2
1285
1143.6
1521
Pver_g19767.t1
XP_022787106.1
5.2e-160
575.1
Pver_g19768.t2
5.3e-142
515.4
Pver_g19769.t1
XP_022796298.1
5.5e-137
498.0
Pver_g19770.t1
2.5e-63
Pver_g19771.t1
XP_027053335.1
935
1720.7
Pver_g19772.t1
XP_022781598.1
1.8e-52
216.1
Pver_g19773.t1
73.6
6.0e-50
207.6
Pver_g19774.t1
4.0e-201
Pver_g19775.t1
51.5
5.3e-66
Pver_g19776.t1
7.6e-37
163.7
Pver_g19777.t1
Pver_g19778.t1
XP_022808550.1
2.2e-164
1675
Pver_g19779.t1
XP_020623043.1
48.9
8.1e-127
Pver_g19780.t1
1431
1372
1116.3
Pver_g19781.t1
1.5e-173
620.2
Pver_g19782.t1
XP_027050935.1
4.9e-48
203.0
Pver_g19783.t1
89.8
2.2e-112
417.2
Pver_g19784.t1
XP_022804498.1
1.1e-50
Pver_g19785.t1
XP_022784539.1
1612.4
Pver_g19786.t1
XP_022784541.1
2.4e-300
1041.6
Pver_g19788.t1
1136
1344.3
Pver_g19789.t1
XP_022804170.1
2.3e-271
946.0
Pver_g19790.t2
XP_022809905.1
Pver_g19791.t1
57.7
3.2e-128
Pver_g19792.t2
XP_027058725.1
1.1e-293
1021.1
Pver_g19793.t1
XP_027044928.1
2013
2509
7.7e-264
922.5
2510
Pver_g19794.t1
1596
1983
Pver_g19795.t1
XP_015755645.1
1.8e-135
Pver_g19796.t1
2.5e-146
Pver_g19797.t1
XP_022808594.1
2.5e-170
610.5
Pver_g19798.t1
XP_022788905.1
1.7e-116
429.9
Pver_g19799.t1
XP_027036802.1
5.4e-164
587.8
Pver_g19800.t1
XP_022797715.1
129.4
Pver_g19801.t1
1.4e-58
236.9
Pver_g19802.t1
1.7e-77
302.4
Pver_g19803.t1
XP_015772603.1
1.7e-53
221.5
Pver_g19804.t1
6.2e-125
Pver_g19805.t1
2.3e-137
Pver_g19806.t1
XP_027044654.1
8.1e-70
Pver_g19807.t1
1600
2386
2360
6.1e-234
823.2
2389
Pver_g19808.t1
Pver_g19809.t1
6.2e-207
731.1
Pver_g19810.t1
38.6
1300
1287
8.7e-213
751.1
Pver_g19811.t1
37.5
5.3e-85
Pver_g19812.t1
5.8e-159
572.0
Pver_g19813.t1
1.2e-60
243.0
Pver_g19814.t1.1.5de5cb3a
1387
1.5e-197
701.0
Pver_g19815.t2
XP_020626020.1
3.1e-49
206.1
Pver_g19816.t1
1572.4
Pver_g19817.t1
64.3
2.4e-240
842.8
Pver_g19818.t1
5.2e-94
Pver_g19819.t1
6.6e-68
268.9
Pver_g19820.t1
2.2e-234
Pver_g19821.t1
1676
8.2e-43
184.9
1765
Pver_g19822.t1
6.0e-46
Pver_g19823.t1
MBO9494776.1
Pver_g19824.t1
WP_066016202.1
2954
3441
6.0e-225
794.3
4749
Pver_g19825.t1
7.5e-208
734.9
Pver_g19826.t1
1711
1462.2
Pver_g19827.t1
75.2
6.7e-88
Pver_g19828.t2
XP_022803927.1
586.3
Pver_g19829.t1
1.7e-194
689.9
Pver_g19830.t1
8.6e-237
Pver_g19831.t1
XP_027056027.1
2.2e-96
362.5
Pver_g19833.t1
9.6e-72
Pver_g19834.t1
XP_022809224.1
5.1e-139
Pver_g19835.t1
9.0e-195
691.0
Pver_g19836.t1
XP_015780813.1
923
6.9e-76
295.8
1109
Pver_g19837.t1
Pver_g19839.t1
XP_022803041.1
2.2e-83
Pver_g19840.t1
XP_022795081.1
1479
2035.8
1483
Pver_g19841.t1
XP_022777928.1
616.7
Pver_g19842.t1
XP_022802396.1
760
7.4e-234
Pver_g19843.t1
1.0e-128
Pver_g19844.t1
XP_028394881.1
4.1e-231
Pver_g19845.t2
1.0e-172
618.2
Pver_g19846.t1
XP_027043139.1
1027
1716.0
1658
Pver_g19847.t1
XP_022779757.1
7.9e-75
291.2
Pver_g19848.t1
6.6e-135
491.9
Pver_g19849.t1
XP_022800670.1
1185.6
Pver_g19850.t1
8.7e-35
157.5
Pver_g19851.t1
5.0e-105
392.1
Pver_g19852.t1
1908
1.4e-281
979.5
Pver_g19853.t1
XP_027058948.1
8.5e-58
233.8
Pver_g19854.t1
1271
1597
4.0e-114
422.9
Pver_g19855.t1
2.6e-92
Pver_g19856.t1
XP_022805028.1
65.4
4.6e-26
Pver_g19857.t1
83.4
4.5e-224
788.9
Pver_g19858.t1
XP_022777458.1
3.1e-51
212.6
Pver_g19859.t1
820.1
Pver_g19860.t1
XP_020630282.1
55.8
2.1e-183
653.7
Pver_g19861.t1
XP_022787516.1
1.8e-162
Pver_g19862.t1
5.8e-36
161.0
Pver_g19863.t1
2.9e-224
790.0
Pver_g19864.t1
1.1e-101
381.3
Pver_g19865.t2
XP_027041984.1
84.4
3.5e-225
Pver_g19866.t1
7.0e-30
Pver_g19867.t1
XP_022789906.1
Pver_g19868.t1
XP_029202697.1
1.4e-232
817.0
Pver_g19869.t1
XP_028405238.1
3.0e-133
486.9
Pver_g19870.t2
3.8e-199
706.1
Pver_g19871.t1
XP_022795249.1
267.3
Pver_g19872.t1
300.8
Pver_g19873.t1
4.0e-206
728.0
Pver_g19874.t1
XP_027046110.1
Pver_g19875.t1
XP_022781274.1
7.1e-35
Pver_g19876.t2
62.4
1.2e-91
Pver_g19877.t1
1.9e-144
523.9
Pver_g19878.t1
KXJ20575.1
34.3
1718
1.5e-59
2357
Pver_g19879.t1
XP_027037680.1
7.9e-47
197.6
Pver_g19880.t1
XP_027052021.1
4.2e-71
278.5
Pver_g19881.t1
XP_029183169.1
9.4e-111
412.1
Pver_g19882.t1
XP_027054221.1
1.5e-53
219.5
Pver_g19883.t1
XP_027056044.1
1.2e-211
Pver_g19884.t1
XP_027056029.1
1.9e-208
735.7
Pver_g19885.t1
XP_020616439.1
1356
1967
1934.1
1358
Pver_g19886.t1
XP_015764283.1
2.6e-121
447.2
1044
Pver_g19887.t1
4.0e-142
515.8
Pver_g19888.t1
KXJ24247.1
1751
357.1
1753
Pver_g19889.t1
XP_027035862.1
1039
1273.8
Pver_g19890.t1
1.9e-131
481.5
Pver_g19891.t1
1.8e-170
609.4
Pver_g19892.t1
XP_027042774.1
3.6e-117
Pver_g19893.t2
XP_020614508.1
42.2
4.4e-127
952
Pver_g19894.t2
WP_026258246.1
3166
3415
1.4e-116
4360
Pver_g19895.t1
4.1e-64
Pver_g19896.t1
1.1e-29
141.4
Pver_g19897.t1
Pver_g19898.t1
XP_022808677.1
2.1e-145
526.2
Pver_g19899.t1
XP_027039880.1
1.1e-110
410.6
Pver_g19900.t1
2.5e-199
706.4
Pver_g19901.t1
XP_027057202.1
2.3e-198
702.6
Pver_g19902.t1
XP_015771926.1
5.1e-118
Pver_g19903.t1
1366
1952
1.6e-226
1874
Pver_g19904.t1
5.4e-135
493.0
Pver_g19905.t1
XP_022793270.1
2.5e-179
639.0
Pver_g19906.t1
5.5e-111
Pver_g19907.t1
68.1
1.2e-79
308.5
1885
Pver_g19908.t1
XP_022793144.1
7.1e-79
304.7
Pver_g19909.t1
9.3e-40
174.5
Pver_g19910.t2
4.3e-155
Pver_g19911.t1
2546
2654
6.3e-25
124.4
3200
Pver_g19912.t2
XP_027050904.1
3.7e-242
Pver_g19913.t1
XP_022800134.1
1421
1453.0
1422
2683
Pver_g19914.t2
46.8
7.3e-101
379.0
Pver_g19915.t1
9.8e-83
317.4
Pver_g19916.t2
1.2e-63
Pver_g19917.t1
63.7
Pver_g19918.t1
XP_027056986.1
1.3e-44
Pver_g19919.t1
XP_022789682.1
7.3e-115
424.5
Pver_g19920.t1
91.6
1.4e-84
Pver_g19921.t1
67.9
1264.6
Pver_g19922.t1
2.9e-49
Pver_g19923.t2
XP_027035955.1
1204.1
Pver_g19924.t1
XP_020602300.1
7.5e-167
Pver_g19925.t1
3.3e-238
835.1
Pver_g19926.t1
XP_027036999.1
1193.3
Pver_g19927.t1
XP_027037001.1
72.2
8.2e-46
194.5
Pver_g19928.t1
XP_022805535.1
734
4.4e-64
Pver_g19929.t1
XP_022789209.1
1.0e-130
478.8
Pver_g19930.t1
1.1e-36
163.3
Pver_g19931.t1
XP_022803486.1
5.6e-140
509.2
Pver_g19932.t1
64.6
Pver_g19933.t1
XP_022782822.1
9.3e-69
271.2
Pver_g19934.t2
3.4e-76
297.4
Pver_g19935.t1
2.4e-180
643.3
Pver_g19936.t1
3.5e-38
169.5
Pver_g19937.t1
XP_020632049.1
9.9e-70
Pver_g19938.t1
6.0e-155
559.3
Pver_g19939.t2
XP_020630460.1
3.6e-161
579.3
Pver_g19940.t1
XP_027041790.1
4.6e-174
621.3
Pver_g19941.t1
XP_020602953.1
1.4e-94
357.8
Pver_g19942.t1
XP_027050387.1
3.0e-34
156.0
Pver_g19943.t1
1310
1279
1841.2
1282
1458
Pver_g19944.t1
XP_020610742.1
2.2e-41
Pver_g19945.t1
XP_022796769.1
4.9e-115
425.6
Pver_g19946.t2
XP_027035711.1
2.0e-184
657.5
Pver_g19947.t1
1.0e-104
Pver_g19948.t1
XP_027051182.1
9.2e-188
667.5
Pver_g19949.t2
XP_027057789.1
7.4e-158
567.4
Pver_g19950.t2
8.6e-270
940.6
Pver_g19951.t1
XP_022794849.1
1455.3
Pver_g19952.t1
MBO9494224.1
5.0e-49
Pver_g19953.t1
MBO9496450.1
5.1e-46
196.4
Pver_g19954.t1
WP_152554021.1
52.3
1200
1205.7
1261
Pver_g19955.t1
XP_027041298.1
4.7e-49
204.9
Pver_g19956.t1
XP_028516907.1
2.5e-183
653.3
Pver_g19957.t1
1164.8
Pver_g19958.t1
KXJ29477.1
1.0e-118
438.0
Pver_g19959.t1
XP_029182423.1
3.0e-10
Pver_g19960.t1
XP_027054719.1
5.1e-104
388.7
Pver_g19961.t1
3.3e-185
Pver_g19962.t1
3.7e-170
609.8
Pver_g19963.t1
5.2e-108
Pver_g19964.t1
76.9
6.2e-38
168.3
1534
Pver_g19965.t1
1478.0
Pver_g19966.t1
2.7e-198
704.1
1540
Pver_g19967.t1
3.4e-133
Pver_g19968.t1
XP_020609775.1
1610
1.2e-138
2577
Pver_g19969.t1
XP_027060451.1
9.4e-252
880.6
1385
Pver_g19970.t1
XP_027044577.1
1.8e-183
Pver_g19971.t1
3.5e-197
698.4
Pver_g19972.t1
4.6e-30
Pver_g19973.t1
1326
1163.7
Pver_g19974.t1
XP_022802750.1
5.0e-278
967.6
Pver_g19975.t1
XP_027058546.1
1.8e-10
77.4
Pver_g19976.t1
8.7e-285
990.7
Pver_g19977.t1
3.9e-97
Pver_g19978.t1
8.8e-126
Pver_g19979.t1
176.0
Pver_g19980.t1
1852
2211
2271
1.2e-244
858.6
2214
2278
Pver_g19981.t1
1350
1476.5
1953
Pver_g19982.t1
XP_022800209.1
1179
Pver_g19983.t1
XP_022809293.1
3.0e-59
238.8
Pver_g19984.t1
XP_027059829.1
2.1e-109
406.0
Pver_g19985.t1
XP_022797525.1
8.1e-185
Pver_g19986.t1
XP_027059013.1
3.3e-135
Pver_g19987.t1
8.8e-275
958.0
Pver_g19988.t1
1.0e-112
418.3
Pver_g19990.t1
XP_035674790.1
34.0
3.1e-87
Pver_g19991.t1
2.9e-43
186.4
Pver_g19992.t1
920
1.2e-125
461.5
Pver_g19993.t1
7.1e-12
80.1
Pver_g19995.t1
XP_027055461.1
1.2e-67
Pver_g19996.t1
62.1
996
1503.0
Pver_g19997.t1
2.7e-242
Pver_g19998.t1
XP_027060031.1
2.3e-140
Pver_g19999.t1
XP_022786334.1
1.3e-141
513.5
Pver_g20000.t1
1104.0
Pver_g20001.t1
XP_027048502.1
4.0e-234
Pver_g20002.t1
WP_101745204.1
1904.8
3408
1671
Pver_g20003.t1
3346
2.0e-92
349.4
Pver_g20004.t2
WP_066018255.1
8.1e-74
Pver_g20005.t1
WP_066016824.1
Pver_g20006.t1
WP_066018211.1
1133
1912.5
1810
Pver_g20007.t1
4.0e-133
Pver_g20008.t1
1.1e-250
Pver_g20009.t1
5.4e-173
619.8
Pver_g20010.t1
55.1
1705
1919
1525.4
1959
Pver_g20011.t1
35.7
1.2e-139
507.7
Pver_g20012.t1
2267
2353
6.9e-195
Pver_g20014.t1
XP_027060604.1
9.9e-36
160.2
Pver_g20016.t1
42.9
1.9e-84
Pver_g20017.t1
2.8e-229
807.0
1510
Pver_g20018.t2
XP_027054640.1
2.1e-142
Pver_g20019.t1
2.9e-228
802.0
Pver_g20020.t2
1.6e-74
291.6
Pver_g20021.t1
XP_022790762.1
1935
2370
2.1e-229
805.8
Pver_g20022.t2
XP_022784037.1
2.5e-244
856.7
Pver_g20023.t1
5.8e-58
Pver_g20024.t1
5.1e-44
188.3
Pver_g20025.t1
4.5e-39
172.6
Pver_g20026.t2
XP_022792406.1
7.6e-308
Pver_g20027.t1
3.5e-06
63.5
2592
Pver_g20028.t1
XP_027052549.1
788.5
Pver_g20029.t1
Pver_g20030.t1
XP_022799868.1
4.1e-182
1389
Pver_g20031.t1
4.7e-38
170.6
Pver_g20032.t1
7.7e-81
Pver_g20033.t1
XP_022809422.1
7.7e-205
Pver_g20034.t1
XP_022793869.1
2.6e-151
965
Pver_g20035.t1
3.7e-21
112.5
Pver_g20036.t1
XP_022805173.1
3.8e-121
446.0
Pver_g20037.t1
4.0e-155
558.9
Pver_g20038.t2
Pver_g20039.t1
2.9e-102
382.9
Pver_g20040.t1
1.1e-99
Pver_g20041.t1
61.1
4.1e-66
Pver_g20042.t1
WP_116688783.1
2.3e-56
231.5
Pver_g20043.t1
KAG6334730.1
36.6
3.1e-124
457.6
1114
Pver_g20044.t1
XP_022798763.1
52.0
Pver_g20045.t1
1673
1936
2.4e-147
Pver_g20046.t1
50.6
7.0e-133
Pver_g20047.t2
1294
1511
1662.5
2446
Pver_g20048.t1
XP_027049706.1
6.4e-226
Pver_g20049.t1
XP_027049660.1
1.6e-193
686.0
Pver_g20050.t1
132.9
Pver_g20052.t1
86.4
269.6
Pver_g20053.t2
KXJ20012.1
31.5
1486
3.6e-173
Pver_g20054.t1
1.4e-45
Pver_g20055.t1
1853
2.1e-290
1010.7
2453
Pver_g20056.t2
XP_027058973.1
1920
2897
1642.1
Pver_g20057.t1
6.0e-161
Pver_g20059.t1
Pver_g20060.t1
XP_022796950.1
2.4e-89
340.1
Pver_g20061.t1
5.9e-82
Pver_g20062.t1
1.3e-12
Pver_g20064.t1
XP_027038951.1
79.5
8.2e-116
Pver_g20065.t1
4.9e-172
615.1
Pver_g20066.t2
KXJ17596.1
1198
2082
8.0e-275
2498
Pver_g20067.t1
XP_027054884.1
2477
2342
2629.4
2478
Pver_g20068.t1
40.7
1.9e-42
184.1
Pver_g20069.t1
XP_027057836.1
56.5
3.8e-13
Pver_g20070.t1
8.0e-157
563.9
Pver_g20071.t2
XP_022792337.1
7.1e-172
614.8
Pver_g20072.t1
1.9e-178
636.0
Pver_g20074.t1
XP_015774860.1
1.0e-166
597.8
Pver_g20076.t1
XP_028518908.1
2.2e-68
270.4
Pver_g20077.t1
XP_022784549.1
2.7e-98
Pver_g20078.t1
4.7e-77
299.7
2702
Pver_g20079.t2
90.7
4.4e-66
265.0
Pver_g20080.t1
7.0e-37
Pver_g20081.t1
WP_020583053.1
8.3e-136
Pver_g20083.t1
WP_206679279.1
48.5
3.7e-91
Pver_g20084.t1
287.7
Pver_g20085.t1
2.8e-07
Pver_g20086.t1
5.6e-61
Pver_g20087.t2
XP_027055052.1
3.7e-15
Pver_g20088.t1
XP_020614589.1
3191
3477
4.7e-96
4299
Pver_g20089.t1
XP_022790519.1
1209
1730
2074.7
1237
1849
Pver_g20090.t1
MBO9493693.1
26.9
3.1e-45
Pver_g20091.t2
WP_163387802.1
1033
3.4e-86
332.0
1939
Pver_g20092.t2
Pver_g20093.t1
1.8e-107
488
Pver_g20094.t1
52.8
2850
9.2e-179
3018
Pver_g20095.t1
1.5e-37
167.9
Pver_g20096.t1
XP_027049579.1
87.3
1.9e-148
536.2
Pver_g20097.t1
85.7
6.1e-222
781.2
Pver_g20098.t1
1345
954
1396.7
Pver_g20099.t2
76.2
Pver_g20100.t1
1.5e-159
574.3
Pver_g20101.t1
1.4e-67
Pver_g20102.t1
1024
1150
2143
1.5e-293
2367
Pver_g20103.t2
51.6
2.7e-71
Pver_g20104.t1
41.3
5.5e-255
892.1
1229
Pver_g20105.t1
39.4
8.8e-216
761.5
Pver_g20106.t2
XP_027052272.1
2.4e-141
513.1
1480
Pver_g20107.t1
8.7e-198
Pver_g20108.t1
XP_027037183.1
9.2e-212
Pver_g20109.t1
XP_027054275.1
3.4e-171
612.5
Pver_g20110.t1
MBO9484242.1
2490
2701
1.1e-53
2740
Pver_g20111.t2
XP_029208348.1
3.3e-89
Pver_g20112.t1
XP_022806746.1
9.0e-161
Pver_g20113.t1
XP_027046436.1
5.3e-78
301.2
Pver_g20114.t1
2362.8
1646
Pver_g20115.t1
9.8e-162
580.9
Pver_g20116.t1
Pver_g20118.t1
XP_027040910.1
2.3e-47
200.3
Pver_g20120.t1
WP_214052919.1
37.9
3448
1954
3401
4389
2050.4
3431
4681
Pver_g20121.t1
XP_022809327.1
3.0e-06
Pver_g20123.t1
6.2e-160
1095
Pver_g20124.t1
XP_022787802.1
82.8
2.9e-127
Pver_g20125.t1
4.4e-140
510.0
Pver_g20126.t1
MBO9481574.1
35.9
1970
2482
2.5e-73
290.0
3183
1119
Pver_g20127.t1
XP_022802887.1
69.1
1.4e-63
253.4
Pver_g20128.t1
9.3e-78
302.8
Pver_g20130.t2
XP_027057605.1
3.7e-74
289.3
Pver_g20131.t1
XP_027048727.1
823
963
Pver_g20132.t1
3.1e-20
Pver_g20133.t1
WP_083232887.1
550.4
Pver_g20134.t1
WP_020581933.1
1498
5.1e-21
115.2
Pver_g20135.t1
XP_027036388.1
2173
2384
3.9e-112
415.6
Pver_g20136.t1
37.4
243.4
Pver_g20137.t1
XP_022788924.1
2.3e-43
186.8
Pver_g20138.t1
XP_020600942.1
2.6e-169
1256
Pver_g20139.t1
4.8e-61
Pver_g20140.t1
1.7e-245
859.4
Pver_g20141.t1
5.1e-64
Pver_g20142.t1
4.9e-108
402.9
Pver_g20143.t1
9.3e-42
Pver_g20144.t1
XP_015768052.1
5.4e-21
Pver_g20145.t2
XP_031552904.1
45.4
828
2165
Pver_g20146.t1
2.3e-54
Pver_g20147.t1
31.6
3.2e-06
Pver_g20148.t1
4.2e-55
224.9
Pver_g20149.t1
2.5e-46
Pver_g20150.t1
55.5
1081.6
Pver_g20151.t1
5.4e-44
Pver_g20152.t1
XP_015777076.1
5.7e-53
219.2
Pver_g20153.t1
XP_022783409.1
1.4e-113
421.4
Pver_g20154.t1
6.9e-248
868.2
Pver_g20156.t2
XP_027051732.1
4.3e-253
885.6
Pver_g20157.t1
XP_022806878.1
3.3e-202
715.7
Pver_g20158.t1
XP_027060316.1
1383
6.2e-103
Pver_g20159.t1
4.9e-118
Pver_g20160.t1
45.1
2055
1.5e-246
864.0
1161
2106
Pver_g20161.t1
6.8e-230
Pver_g20162.t1
XP_027055049.1
4.4e-76
295.0
Pver_g20163.t1
SAJ34645.1
1.9e-07
Pver_g20164.t1
WP_067518354.1
3.1e-163
587.0
Pver_g20165.t1
XP_027037773.1
Pver_g20166.t1
4.5e-159
1906
Pver_g20167.t1
1.1e-203
720.3
Pver_g20168.t1
XP_022807479.1
7.5e-52
Pver_g20169.t1
XP_027040970.1
4.1e-41
Pver_g20170.t1
1.2e-38
Pver_g20171.t2
5.9e-52
Pver_g20172.t1
1.6e-96
364.4
Pver_g20173.t1
XP_027056759.1
3.3e-49
Pver_g20174.t1
XP_029210812.1
1.2e-29
Pver_g20175.t1
387.5
1827
Pver_g20176.t2
XP_015775677.1
1.4e-54
Pver_g20177.t1
6.8e-58
237.7
Pver_g20178.t1
WP_163373322.1
2152
6.5e-53
221.9
1281
Pver_g20179.t1
XP_027040699.1
597.0
Pver_g20180.t1
XP_022779741.1
1.3e-61
247.3
Pver_g20182.t1
XP_029182032.1
1.1e-194
690.3
Pver_g20183.t1
WP_163373160.1
5.5e-32
150.2
Pver_g20184.t1
MBO9484561.1
37.3
9.8e-11
Pver_g20185.t1
WP_172807554.1
6.5e-95
Pver_g20186.t1
8.6e-63
251.1
Pver_g20187.t1
XP_027047928.1
4.2e-187
664.8
Pver_g20188.t1
58.1
1604
1.4e-108
1791
Pver_g20189.t1
90.9
3.3e-99
Pver_g20191.t1
2.5e-120
Pver_g20192.t1
1.0e-47
Pver_g20193.t1
4.4e-105
Pver_g20195.t1
MBO9483370.1
5.8e-22
117.5
Pver_g20196.t1
WP_116686408.1
1519
1927
3.5e-171
1931
Pver_g20197.t1
3.6e-269
938.7
Pver_g20198.t2
1524
1802
2.8e-148
Pver_g20199.t2
2.3e-59
240.4
Pver_g20200.t1
XP_027043169.1
2.0e-41
179.1
Pver_g20201.t1
WP_067520434.1
41.0
7.4e-181
645.6
Pver_g20202.t1
2.2e-280
976.5
Pver_g20203.t2
XP_022778328.1
4.8e-100
376.3
Pver_g20204.t1
2.0e-66
263.8
Pver_g20205.t1
1.4e-217
Pver_g20206.t1
7.0e-72
281.6
Pver_g20207.t1
2.3e-37
166.4
Pver_g20208.t1
3.5e-114
Pver_g20209.t1
2.4e-43
Pver_g20210.t1
6.0e-104
Pver_g20211.t1
1.2e-53
Pver_g20213.t1
MBO9484602.1
1462
1454
1763
1999.6
2346
1833
Pver_g20215.t1
2.8e-220
Pver_g20216.t1
7.4e-142
514.2
Pver_g20217.t1
XP_020617430.1
4.5e-108
Pver_g20218.t1
Pver_g20219.t1
7.5e-95
Pver_g20220.t1
6.8e-205
Pver_g20221.t1
880
7.4e-118
Pver_g20222.t1
Pver_g20223.t1
XP_027039648.1
6.5e-96
361.7
Pver_g20224.t1
XP_022785841.1
3.7e-191
Pver_g20225.t1
XP_022777681.1
2.7e-235
825.5
Pver_g20226.t1
XP_027051464.1
7.4e-92
Pver_g20227.t1
2.8e-108
402.5
Pver_g20228.t1
WP_146000123.1
1.9e-71
2572
Pver_g20229.t1
WP_108652188.1
1353
1.3e-256
898.3
2116
1031
Pver_g20230.t1
1.3e-100
377.9
Pver_g20231.t1
2.6e-46
Pver_g20232.t1
XP_022810295.1
2.8e-208
736.9
Pver_g20233.t1
XP_015753055.1
2.5e-31
146.4
Pver_g20234.t1
2.3e-85
Pver_g20235.t1
WP_206679395.1
52.1
3.3e-121
Pver_g20236.t1
WP_172807259.1
4.3e-145
526.9
Pver_g20237.t1
XP_027051156.1
4.9e-53
Pver_g20238.t1
XP_022805582.1
8.2e-71
277.7
Pver_g20239.t1
1.2e-99
Pver_g20240.t1
1168
3.8e-213
751.9
2933
Pver_g20241.t1
6.5e-12
Pver_g20242.t1
50.0
3.0e-39
Pver_g20243.t2
WP_163372200.1
1.3e-109
409.5
Pver_g20244.t1
WP_095210556.1
Pver_g20245.t1
2.1e-20
110.5
Pver_g20246.t1
1590.1
Pver_g20247.t1
497.3
Pver_g20248.t1
XP_015767717.1
4.3e-69
272.3
Pver_g20249.t1
1.0e-42
Pver_g20250.t1
476.5
Pver_g20252.t1
60.4
1.9e-66
264.2
Pver_g20253.t2
XP_027060430.1
6.8e-129
Pver_g20254.t1
1.0e-60
Pver_g20255.t1
XP_027058713.1
2.1e-205
Pver_g20256.t1
1553
6.5e-185
1554
Pver_g20257.t1
XP_027043679.1
4.8e-07
Pver_g20258.t1
MBO9484628.1
1.2e-143
523.5
2794
Pver_g20259.t1
6.2e-40
Pver_g20260.t1
8.1e-248
867.1
Pver_g20261.t1
1.5e-116
1894
Pver_g20262.t2
1299
2145.5
Pver_g20263.t1
62.2
1.6e-136
Pver_g20264.t1
944.5
Pver_g20265.t1
3.5e-137
498.8
1074
Pver_g20267.t1
7.6e-92
Pver_g20268.t2
XP_027055364.1
2.1e-257
899.4
Pver_g20269.t1
XP_027041599.1
2.7e-82
315.5
Pver_g20270.t1
WP_020582658.1
3.7e-168
602.8
Pver_g20271.t1
MBO9482702.1
51.3
4.9e-25
1634
Pver_g20272.t1
XP_027060193.1
6.9e-74
287.3
Pver_g20273.t1
XP_020600402.1
41.8
2.4e-17
Pver_g20274.t1
2.3e-135
493.8
Pver_g20275.t1
1.7e-22
115.5
Pver_g20276.t1
Pver_g20277.t1
9.8e-164
Pver_g20278.t1
4.6e-73
286.2
Pver_g20279.t1
XP_022806886.1
1.4e-91
Pver_g20280.t2
1.2e-295
1026.9
Pver_g20281.t1
XP_027055837.1
Pver_g20282.t2
XP_022778057.1
3.4e-116
429.1
Pver_g20284.t1
WP_020584692.1
7.9e-236
Pver_g20285.t1
WP_083232694.1
1.4e-132
Pver_g20286.t1
1.8e-128
470.3
Pver_g20287.t1
XP_027038494.1
7.9e-165
590.9
Pver_g20288.t1
1017
1218
3.3e-84
322.8
Pver_g20289.t1
1.8e-34
157.9
Pver_g20290.t1
1.4e-40
177.2
Pver_g20291.t2
3.7e-47
198.4
Pver_g20292.t1
XP_020624814.1
6.9e-50
208.0
Pver_g20293.t2
XP_027058077.1
3.4e-125
Pver_g20294.t1
XP_027044602.1
4.8e-160
Pver_g20295.t1
4.6e-140
Pver_g20296.t1
WP_174198669.1
400.2
Pver_g20297.t2
WP_066017372.1
6.9e-95
360.1
Pver_g20298.t1
5.5e-132
482.3
Pver_g20299.t1
1125.2
Pver_g20300.t1
WP_034836682.1
1703
1.4e-195
695.3
1719
Pver_g20301.t1
1693
1934
2.3e-102
Pver_g20303.t1
XP_020629492.1
1092.8
Pver_g20304.t1
228.8
Pver_g20305.t1
WP_020582987.1
3.3e-59
Pver_g20306.t1
2.8e-88
338.6
Pver_g20307.t1
1.8e-20
110.2
Pver_g20308.t1
1104
8.7e-65
Pver_g20309.t1
XP_022777812.1
1.8e-40
176.8
Pver_g20310.t1
KXJ07940.1
2.6e-277
Pver_g20311.t1
1182.5
Pver_g20312.t1
XP_022809879.1
3.3e-180
642.1
Pver_g20313.t1
XP_022807092.1
90.3
1.9e-06
Pver_g20314.t1
1909
2238
6.0e-162
581.3
Pver_g20315.t1
XP_027052795.1
415.2
Pver_g20317.t1
2.6e-173
Pver_g20318.t1
1.1e-139
Pver_g20319.t1
XP_027052040.1
1.1e-130
477.6
Pver_g20320.t1
XP_027050441.1
8.4e-07
Pver_g20321.t1
1.4e-47
203.4
Pver_g20322.t1
XP_027037184.1
2.4e-82
316.2
Pver_g20323.t1
XP_027051615.1
9.8e-68
Pver_g20324.t1
Pver_g20325.t1
3.5e-149
Pver_g20326.t1
7.2e-42
Pver_g20328.t1
1.3e-20
109.8
Pver_g20329.t1
1.1e-219
774.2
Pver_g20330.t1
46.1
1.0e-62
Pver_g20331.t1
3.1e-06
Pver_g20332.t1
WP_163370869.1
30.5
5.0e-29
142.1
Pver_g20333.t1
3.4e-265
925.2
Pver_g20334.t1
46.6
1.0e-34
Pver_g20335.t2
9.3e-59
Pver_g20336.t2
6.3e-89
338.2
Pver_g20337.t1
1.8e-100
Pver_g20338.t1
XP_027058718.1
3.3e-95
Pver_g20339.t2
2.7e-149
2083
Pver_g20340.t1
1354
2.0e-298
1036.6
1376
Pver_g20341.t1
1629
Pver_g20342.t1
7.1e-13
Pver_g20343.t1
XP_027052824.1
468.8
Pver_g20344.t1
XP_020606232.1
6.9e-60
241.9
Pver_g20345.t1
XP_020609725.1
350.5
Pver_g20346.t1
XP_022793085.1
1580
4.8e-40
174.9
1581
Pver_g20347.t2
XP_022807707.1
1.7e-40
Pver_g20348.t1
XP_015775767.1
5.3e-48
Pver_g20349.t1
XP_029182550.1
507.3
Pver_g20350.t1
1.8e-228
803.9
Pver_g20351.t2
40.6
3.2e-15
Pver_g20352.t1
XP_022793488.1
2.0e-192
682.6
Pver_g20353.t1
XP_028418160.1
4.8e-159
Pver_g20354.t1
1.2e-107
Pver_g20355.t2
WP_066013530.1
1169.1
Pver_g20356.t1
WP_066013578.1
9.3e-50
Pver_g20357.t1
Pver_g20358.t2
944
1.1e-301
1046.6
Pver_g20359.t1
WP_145999837.1
34.1
6.3e-11
Pver_g20360.t1
6.0e-252
882.1
Pver_g20361.t1
MBO9483116.1
2.7e-239
838.6
Pver_g20362.t1
WP_163387864.1
38.4
4.8e-39
173.3
Pver_g20364.t1
Pver_g20367.t1
WP_163387859.1
1.7e-39
Pver_g20368.t1
XP_027044053.1
5.9e-119
438.3
Pver_g20369.t1
9.0e-56
Pver_g20370.t1
2.3e-89
Pver_g20372.t1
2.6e-23
Pver_g20374.t1
5.7e-110
408.7
Pver_g20375.t1
Pver_g20376.t1
Pver_g20377.t1
2.0e-76
5685
Pver_g20378.t2
6.7e-98
Pver_g20379.t1
4.1e-95
358.2
Pver_g20380.t2
XP_027058636.1
383.6
Pver_g20381.t1
XP_027053418.1
1.4e-256
896.7
Pver_g20382.t1
3.6e-232
816.2
Pver_g20383.t1
3.0e-127
466.5
Pver_g20384.t1
XP_022803132.1
4.7e-23
Pver_g20385.t1
3.7e-43
185.7
Pver_g20386.t1
1993
1.2e-248
1994
Pver_g20388.t1
WP_146000258.1
1293
2.1e-53
Pver_g20389.t1
7.6e-226
Pver_g20390.t1
MBO9484043.1
2.1e-153
Pver_g20391.t1
MBO9495102.1
1.2e-95
Pver_g20392.t1
XP_015772682.1
46.4
1.1e-193
688.0
Pver_g20394.t1
4.6e-51
212.2
Pver_g20395.t1
1.9e-78
Pver_g20397.t1
1.7e-92
Pver_g20398.t2
6.0e-299
1036.9
Pver_g20399.t1
2.3e-94
Pver_g20400.t1
3.7e-83
Pver_g20401.t1
2.7e-123
452.2
Pver_g20403.t1
MBO9496286.1
49.7
1.2e-41
183.7
Pver_g20405.t1
6.2e-118
Pver_g20406.t2
2.3e-266
928.7
Pver_g20407.t1
3.0e-168
Pver_g20408.t1
XP_027035785.1
3.3e-93
352.1
Pver_g20409.t1
XP_027050750.1
1.6e-284
Pver_g20411.t1
XP_022779443.1
1344
1736.1
2423
Pver_g20412.t1
5.4e-186
Pver_g20414.t1
WP_139117314.1
7.0e-28
136.7
Pver_g20415.t1
5.8e-170
1348
Pver_g20416.t1
1199.5
Pver_g20417.t1
1.5e-205
726.1
Pver_g20418.t1
2.2e-61
Pver_g20419.t1
1.2e-74
Pver_g20420.t2
5.6e-141
512.7
Pver_g20421.t1
8.3e-91
Pver_g20422.t1
2.9e-177
632.1
Pver_g20423.t1
XP_022802922.1
2.6e-25
126.7
Pver_g20424.t1
1238
7.3e-90
Pver_g20425.t2
866
2.1e-252
882.9
Pver_g20426.t1
2.0e-31
146.7
Pver_g20427.t1
6.6e-177
631.3
Pver_g20429.t2
3.5e-24
123.6
Pver_g20430.t1
XP_029209980.1
7.0e-64
Pver_g20431.t1
XP_020619416.1
3.2e-190
676.0
1375
Pver_g20432.t1
1.5e-74
Pver_g20433.t1
XP_020617372.1
1.7e-139
Pver_g20434.t1
XP_027035967.1
3.0e-102
Pver_g20435.t1
MBO9484051.1
6.8e-48
Pver_g20436.t1
41.7
Pver_g20437.t2
XP_022810593.1
7.6e-20
Pver_g20438.t2
XP_022796077.1
2.0e-254
889.0
1046
Pver_g20439.t1
7.4e-102
382.5
1418
Pver_g20440.t2
7950
9223
1128.2
9240
Pver_g20441.t1
1386
2.2e-228
Pver_g20442.t1
3.7e-60
242.7
Pver_g20443.t1
757.7
Pver_g20444.t1
MBO9495473.1
1.5e-170
Pver_g20446.t1
Pver_g20448.t1
XP_029208895.1
1.1e-70
Pver_g20449.t1
XP_027047435.1
3070
3454
2.5e-152
3568
Pver_g20450.t2
279.6
Pver_g20451.t1
8.5e-09
Pver_g20452.t1
2.5e-12
Pver_g20453.t1
5.0e-41
Pver_g20454.t1
MBO9495562.1
9.2e-53
Pver_g20455.t1
1.7e-188
670.6
3028
Pver_g20456.t1
XP_022788806.1
1.3e-210
Pver_g20457.t1
XP_022806762.1
3.6e-51
Pver_g20458.t1
XP_022806758.1
8.3e-137
497.7
Pver_g20459.t1
XP_022808192.1
5.9e-26
Pver_g20460.t1
1.5e-122
450.7
Pver_g20461.t1
1562
1592
1552.3
Pver_g20463.t2
WP_078464453.1
7.0e-169
605.1
Pver_g20464.t1
XP_027039491.1
Pver_g20466.t1
XP_020622097.1
5.0e-27
Pver_g20467.t2
WP_067583722.1
1.8e-225
Pver_g20468.t1
XP_027056186.1
4.0e-91
345.1
Pver_g20469.t1
49.0
1.2e-90
Pver_g20471.t1
3.7e-31
Pver_g20472.t1
KXJ08876.1
3.0e-143
1245
Pver_g20473.t1
XP_022779608.1
5.0e-54
Pver_g20474.t1
XP_027053754.1
1.2e-23
120.6
Pver_g20475.t1
2.5e-86
Pver_g20476.t1
Pver_g20477.t1
MBO9484319.1
43.4
1547
1484
1800
1805
Pver_g20478.t1
WP_101745380.1
5.5e-38
170.2
Pver_g20479.t1
MBO9496230.1
36.9
2.4e-62
Pver_g20480.t1
MBO9481286.1
81.5
1.3e-87
335.9
Pver_g20482.t2
1.8e-113
Pver_g20483.t1
5.3e-163
584.7
Pver_g20484.t1
2.5e-177
632.5
Pver_g20485.t1
XP_027036261.1
3.3e-60
Pver_g20486.t1
3.9e-116
Pver_g20487.t1
WP_012987349.1
2569
3.6e-195
693.7
4686
Pver_g20488.t1
XP_027059133.1
8.2e-78
Pver_g20489.t2
XP_002732012.1
1.6e-247
866.7
Pver_g20490.t1
5.5e-24
Pver_g20491.t1
5.8e-128
Pver_g20492.t1
XP_027050548.1
4.3e-48
Pver_g20493.t2
XP_027047944.1
74.4
111.7
Pver_g20494.t1
2943
766.5
3421
Pver_g20495.t1
MBO9482045.1
1214.9
Pver_g20496.t1
MBO9480708.1
7.4e-68
Pver_g20497.t1
4.2e-77
298.5
Pver_g20498.t1
2.7e-44
Pver_g20499.t1
78.2
4.6e-79
Pver_g20500.t1
1.9e-241
847.0
Pver_g20501.t1
6.5e-16
Pver_g20502.t1
1448.3
Pver_g20503.t1
3.2e-46
Pver_g20504.t1
XP_027037394.1
6.9e-139
Pver_g20505.t1
XP_029209089.1
3.0e-155
Pver_g20506.t1
1161.0
Pver_g20507.t1
1.3e-74
290.8
Pver_g20508.t1
4.1e-112
Pver_g20509.t1
1.8e-33
Pver_g20510.t1
9.3e-56
226.9
Pver_g20511.t1
5.4e-56
Pver_g20512.t1
XP_022798271.1
1.2e-287
999.6
Pver_g20513.t1
XP_022798278.1
1.7e-70
Pver_g20514.t1
CAE7366283.1
4976
1.2e-141
8688
Pver_g20515.t1
WP_067515144.1
2.5e-182
651.0
Pver_g20516.t1
1069
3.2e-139
506.1
Pver_g20517.t1
7.0e-226
Pver_g20518.t1
XP_022808788.1
2.9e-58
Pver_g20519.t1
WP_163372509.1
4.5e-53
Pver_g20520.t1
MBO9482047.1
8.0e-37
167.5
Pver_g20521.t1
XP_020626855.1
1.2e-121
Pver_g20522.t1
XP_022795176.1
2.1e-15
Pver_g20523.t1
XP_027046936.1
70.9
6.6e-228
801.2
Pver_g20524.t1
1.1e-190
Pver_g20525.t1
3.2e-184
656.0
Pver_g20526.t2
1.9e-81
313.2
Pver_g20527.t1
2.3e-35
159.5
Pver_g20528.t1
XP_022806139.1
1306
2.9e-129
474.6
Pver_g20529.t1
2.9e-11
Pver_g20530.t2
XP_022800846.1
1.3e-57
234.6
1709
Pver_g20532.t1
7.8e-67
Pver_g20533.t1
1.1e-44
191.0
Pver_g20534.t1
56.9
3.7e-155
Pver_g20535.t1
XP_015753034.1
5.1e-251
878.2
Pver_g20536.t1
WP_163372803.1
1370
1909.8
Pver_g20538.t2
XP_022799196.1
6.3e-179
637.9
